##################################################################################################################################################################
# PDG MC Codes and Data
# mass and width(gamma) are in GeV.
##################################################################################################################################################################
# Name	    LatexTitle                Mass         Gamma/Width       Spin      IsoSpin   I3      Nq     Ns    Naq     Nas       Nc      Nac	         MC
##################################################################################################################################################################
# Quarks
##################################################################################################################################################################
down            d^{-1/3}                 0.00470      0.0000000         0.5      0        0       1      0     0       0         0       0            1
up              u^{2/3}                  0.00216      0.0000000         0.5      0        0       1      0     0       0         0       0            2
strange         s^{-1/3}                 0.0935       0.0000000         0.5      0        0       0      1     0       0         0       0            3
charm           c^{2/3}                  1.2730       0.0000000         0.5      0        0       0      0     0       0         1       0            4
bottom          b^{-1/3}                 4.183        0.0000000         0.5      0        0       0      0     0       0         0       0            5
top             t^{2/3}                  172.56       1.4200000         0.5      0        0       0      0     0       0         0       0            6
down_bar        #bar{d}^{1/3}            0.00470      0.0000000         0.5      0        0       1      0     0       0         0       0            -1
up_bar          #bar{d}^{-2/3}           0.00216      0.0000000         0.5      0        0       1      0     0       0         0       0            -2
strange_bar     #bar{d}^{1/3}            0.0935       0.0000000         0.5      0        0       0      1     0       0         0       0            -3
charm_bar       #bar{d}^{-2/3}           1.2730       0.0000000         0.5      0        0       0      0     0       0         1       0            -4
bottom_bar      #bar{d}^{1/3}            4.183        0.0000000         0.5      0        0       0      0     0       0         0       0            -5
top_bar         #bar{d}^{-2/3}           172.56       0.0000000         0.5      0        0       0      0     0       0         0       0            -6
##################################################################################################################################################################
# Name	    LatexTitle                Mass         Gamma/Width       Spin     IsoSpin  I3      Nq     Ns    Naq     Nas       Nc      Nac	         MC
##################################################################################################################################################################
# leptons
##################################################################################################################################################################
electron        e^{-}                    0.5485799    0.0000000         0.5      0        0       0      0     0       0         0       0            11
nu_electron     #nu_{e}                  0.000        0.0000000         0.5      0        0       0      0     0       0         0       0            12
muon            #mu^{-}                  0.1056583755 2.1969811E-6      0.5      0        0       0      0     0       0         0       0            13
nu_muon         #nu_{#mu}                0.000        0.0000000         0.5      0        0       0      0     0       0         0       0            14
tau             #tau^{-}                 1.77693      2.903E-13         0.5      0        0       0      0     0       0         0       0            15
nu_Tau          #nu_{#tau}               0.000        0.0000000         0.5      0        0       0      0     0       0         0       0            16
electron_bar    e^{+}                    0.5485799    0.0000000         0.5      0        0       0      0     0       0         0       0            -11
nu_electron_bar #bar{#nu}_{e}            0.000        0.0000000         0.5      0        0       0      0     0       0         0       0            -12
muon_bar        #mu^{+}                  105.6583755  2.1969811E-6      0.5      0        0       0      0     0       0         0       0            -13
nu_muon_bar     #bar{#nu}_{#mu}          0.000        0.0000000         0.5      0        0       0      0     0       0         0       0            -14
tau_bar         #tau^{+}                 1.77693      2.903E-13         0.5      0        0       0      0     0       0         0       0            -15
nu_tau_bar      #bar{#nu}_{#tau}         0.000        0.0000000         0.5      0        0       0      0     0       0         0       0            -16
##################################################################################################################################################################
# Name	    LatexTitle                Mass         Gamma/Width       Spin     IsoSpin  I3      Nq     Ns    Naq     Nas       Nc      Nac	         MC
##################################################################################################################################################################
# gauge and higgs bosons
##################################################################################################################################################################
gamma           #gamma                   0.0000001    0.0000000         1.0      0.       0.      0.      0.     0.      0.        0.       0.         22
Zzero           Z^{0}                    91.1880      2.4955000         1.0      0.       0.      0.      0.     0.      0.        0.       0.         23
Wplus           W^{+}                    80.3692      2.1400000         1.0      0.       0.      0.      0.     0.      0.        0.       0.         24
Wminus          W^{-}                    80.3692      2.1400000         1.0      0.       0.      0.      0.     0.      0.        0.       0.         -24
Higgs           H^{0}                    125.20       3.7000000         1.0      0.       0.      0.      0.     0.      0.        0.       0.         25
##################################################################################################################################################################
# Name	    LatexTitle                Mass         Gamma/Width       Spin     IsoSpin  I3      Nq     Ns    Naq     Nas       Nc      Nac	         MC
##################################################################################################################################################################
# "light" mesons
##################################################################################################################################################################
f01710zero      f_0^{0}(1710)            1.7150000    0.1250000         0.0      0.       0.      1.      0.     1.      0.        0.       0.      10331
rho1700plus     #rho^{+}(1700)           1.7000000    0.2400000         1.0      1.       1.      1.      0.     1.      0.        0.       0.      30213
rho1700minus    #rho^{-}(1700)           1.7000000    0.2400000         1.0      1.      -1.      1.      0.     1.      0.        0.       0.     -30213
rho1700zero     #rho^{0}(1700)           1.7000000    0.2400000         1.0      1.       0.      1.      0.     1.      0.        0.       0.      30113
rho1690plus     #rho^{+}(1690)           1.6910000    0.1610000         3.0      1.       1.      1.      0.     1.      0.        0.       0.        217
rho1690minus    #rho^{-}(1690)           1.6910000    0.1610000         3.0      1.      -1.      1.      0.     1.      0.        0.       0.       -217
rho1690zero     #rho^{0}(1690)           1.6910000    0.1610000         0.0      1.       0.      1.      0.     1.      0.        0.       0.        117
phi1680zero     #phi^{0}(1680)           1.6800000    0.1500000         1.0      0.       0.      0.      1.     0.      1.        0.       0.     100333
pionon1670plus  #pion^{+}(1670)          1.6700000    0.2590000         2.0      1.       1.      1.      0.     1.      0.        0.       0.      10215
pion1670minus   #pi^{-}(1670)            1.6700000    0.2590000         2.0      1.      -1.      1.      0.     1.      0.        0.       0.     -10215
pion1670zero    #pi^{0}(1670)            1.6700000    0.2590000         2.0      1.       0.      1.      0.     1.      0.        0.       0.      10115

omega1670zero   #omega^{0}(1670)         1.6670000    0.1680000         3.0      0.       0.      1.      0.     1.      0.        0.       0.        227
omega1650zero   #omega^{0}(1650)         1.6490000    0.2200000         1.0      0.       0.      1.      0.     1.      0.        0.       0.      30223
f01500zero      f_{0}^{0}(1500)          1.5070000    0.1120000         0.0      0.       0.      1.      0.     1.      0.        0.       0.    9000223
a01450plus      a_{0}^{+}(1450)          1.4740000    0.2650000         0.0      1.       1.      1.      0.     1.      0.        0.       0.      10211
a01450minus     a_{0}^{-}(1450)          1.4740000    0.2650000         0.0      1.      -1.      1.      0.     1.      0.        0.       0.     -10211
a01450zero      a_{0}^{0}(1450)          1.4740000    0.2650000         0.0      1.       0.      1.      0.     1.      0.        0.       0.      10111
rho1450plus     #rho^{+}(1450)           1.4650000    0.3100000         1.0      1.       1.      1.      0.     1.      0.        0.       0.     100213
rho1450minus    #rho^{-}(1450)           1.4650000    0.3100000         1.0      1.      -1.      1.      0.     1.      0.        0.       0.    -100213
rho1450zero     #rho^{0}(1450)           1.4650000    0.3100000         1.0      1.       0.      1.      0.     1.      0.        0.       0.     100113
eta1440zero     #eta^{0}(1440)           1.4350000    0.0650000         0.0      0.       0.      1.      0.     1.      0.        0.       0.     100331
f11420zero      f_{1}^{0}(1420)          1.4263000    0.0555000         1.0      0.       0.      1.      0.     1.      0.        0.       0.      20333
omega1420zero   #omega^{0}(1420)         1.4190000    0.1740000         1.0      0.       0.      1.      0.     1.      0.        0.       0.     100223
f01370zero      f_{0}^{0}(1370)          1.3500000    0.3500000         0.0      0.       0.      1.      0.     1.      0.        0.       0.      10221
a21320plus      a_{2}^{+}(1370)          1.3180000    0.1070000         2.0      1.       1.      1.      0.     1.      0.        0.       0.        215
a21320minus     a_{2}^{-}(1370)          1.3180000    0.1070000         2.0      1.      -1.      1.      0.     1.      0.        0.       0.       -215
a21320zero      a_{2}^{0}(1370)          1.3180000    0.1070000         2.0      1.       0.      1.      0.     1.      0.        0.       0.        115
pion1300plus    #pi^{+}(1300)            1.3000000    0.4000000         0.0      1.       1.      1.      0.     1.      0.        0.       0.     100211
pion1300minus   #pi^{-}(1300)            1.3000000    0.4000000         0.0      1.      -1.      1.      0.     1.      0.        0.       0.    -100211
pion1300zero    #pi^{0}(1300)            1.3000000    0.4000000         0.0      1.       0.      1.      0.     1.      0.        0.       0.     100111
eta1295zero     #eta^{0}(1295)           1.2970000    0.0530000         0.0      0.       0.      1.      0.     1.      0.        0.       0.     100221
f11285zero      f_{1}^{0}(1285)          1.2819000    0.0240000         1.0      0.       0.      1.      0.     1.      0.        0.       0.      20223
f21270zero      f_{1}^{0}(1270)          1.2754000    0.1850000         2.0      0.       0.      1.      0.     1.      0.        0.       0.        225
a11260plus      a{1}^{+}(1260)           1.2300000    0.4250000         1.0      1.       1.      1.      0.     1.      0.        0.       0.      20213
a11260minus     a{1}^{-}(1260)           1.2300000    0.4250000         1.0      1.      -1.      1.      0.     1.      0.        0.       0.     -20213
a11260zero      a{1}^{0}(1260)           1.2300000    0.4250000         1.0      1.       0.      1.      0.     1.      0.        0.       0.      20113
b11235plus      b{1}^{+}(1235)           1.2295000    0.1420000         1.0      1.       1.      1.      0.     1.      0.        0.       0.      10113
b11235zero      b{1}^{0}(1235)           1.2295000    0.1420000         1.0      1.       0.      1.      0.     1.      0.        0.       0.      10213
b11235minus     b{1}^{-}(1235)           1.2295000    0.1420000         1.0      1.      -1.      1.      0.     1.      0.        0.       0.     -10113
h11170zero      h_{1}^{0}(1170)          1.1700000    0.3600000         1.0      0.       0.      1.      0.     1.      0.        0.       0.      10223
phi1020zero     #phi^{0}(1020)           1.0194170    0.0044580         1.0      0.       0.      0.      1.     0.      1.        0.       0.        333
a00980plus      a_{0}^{+}(980)           0.9848000    0.0750000         0.0      1.       1.      1.      0.     1.      0.        0.       0.    9000211
a00980minus     a_{0}^{-}(980)           0.9848000    0.0750000         0.0      1.      -1.      1.      0.     1.      0.        0.       0.   -9000211
a00980zero      a_{0}^{0}(980)           0.9848000    0.0750000         0.0      1.       0.      1.      0.     1.      0.        0.       0.    9000111
f00980zero      f_{0}^{0}(980)           0.9800000    0.1000000         0.0      0.       0.      1.      0.     1.      0.        0.       0.    9010221
eta0prime       #eta^{0*}                0.9577800    0.0002020         0.0      0.       0.      1.      0.     1.      0.        0.       0.        331
omega0782zero   #omega^{0}               0.7825700    0.0084400         1.0      0.       0.      1.      0.     1.      0.        0.       0.        223
rho770plus      #rho^{+}                 0.7693000    0.1502000         1.0      1.       1.      1.      0.     1.      0.        0.       0.        213
rho770minus     #rho^{-}                 0.7693000    0.1502000         1.0      1.      -1.      1.      0.     1.      0.        0.       0.       -213
rho770zero      #rho^{0}                 0.7693000    0.1502000         1.0      1.       0.      1.      0.     1.      0.        0.       0.        113
f00600zero      f^{0}(600)               0.8000000    0.8000000         0.0      0.       0.      1.      0.     1.      0.        0.       0.    9000221
eta547zero      #eta^{0}                 0.5473000    1.2900e-6         0.0      0.       0.      0.19    0.81   0.19    0.81      0.       0.        221
pion0139plus    #pi^{+}                  0.1395699    0.0000000         0.0      1.       1.      1.      0.     1.      0.        0.       0.        211
pion0139minus   #pi^{-}                  0.1395699    0.0000000         0.0      1.      -1.      1.      0.     1.      0.        0.       0.       -211
pion0135zero    #pi^{0}                  0.1349764    0.0000000         0.0      1.       0.      1.      0.     1.      0.        0.       0.        111

f42340zero      f_{4}^{0}(2340)          2.3390000    0.3190000         4.0      0.       0.      1.      0.     1.      0.        0.       0.      40225
f22300zero      f_{2}^{0}(2300)          2.2970000    0.1490000         2.0      0.       0.      1.      0.     1.      0.        0.       0.      30225
f42050zero      f_{4}^{0}(2050)          2.0340000    0.2220000         4.0      0.       0.      1.      0.     1.      0.        0.       0.        229
a42040plus      a_{4}^{+}(2040)          2.0140000    0.3610000         4.0      1.       1.      1.      0.     1.      0.        0.       0.        219
a42040minus     a_{4}^{-}(2040)          2.0140000    0.3610000         4.0      1.      -1.      1.      0.     1.      0.        0.       0.       -219
a42040zero      a_{4}^{0}(2040)          2.0140000    0.3610000         4.0      1.       0.      1.      0.     1.      0.        0.       0.        119
f22010zero      f_{2}^{0}(2010)          2.0110000    0.2020000         2.0      0.       0.      1.      0.     1.      0.        0.       0.      20225
phi1850zero     #phi^{0}(1850)           1.8540000    0.0870000         3.0      0.       0.      0.      1.     0.      1.        0.       0.        337

pion1670plus    #pi^{+}(1670)            1.6700000    0.2590000         2.0      1.       1.      1.      0.     1.      0.        0.       0.      10215
pion1670minus   #pi^{-}(1670)            1.6700000    0.2590000         2.0      1.      -1.      1.      0.     1.      0.        0.       0.     -10215
pion1670zero    #pi^{0}(1670)            1.6700000    0.2590000         2.0      1.       0.      1.      0.     1.      0.        0.       0.      10115
pion1800plus    #pi^{+}(1800)            1.8010000    0.2100000         0.0      1.       1.      1.      0.     1.      0.        0.       0.     200111
pion1800minus   #pi^{-}(1800)            1.8010000    0.2100000         0.0      1.      -1.      1.      0.     1.      0.        0.       0.    -200111
pion1800zero    #pi^{0}(1800)            1.8010000    0.2100000         0.0      1.       0.      1.      0.     1.      0.        0.       0.     200211

f21525zero      f_{2}^{0}(1525)          1.5250000    0.0760000         2.0      0.       0.      1.      0.     1.      0.        0.       0.        335

##################################################################################################################################################################
# Name	    LatexTitle                Mass         Gamma/Width       Spin     IsoSpin  I3      Nq     Ns    Naq     Nas       Nc      Nac	         MC
##################################################################################################################################################################
# strange mesons
##################################################################################################################################################################
kaon0492zero        K^{0}                    0.4976720    7.335e-16         0.0      0.5     -0.5     1.      0.     0.      1.        0.       0.        311
kaon0492zero_bar    #bar{K}^{0}              0.4976720    7.335e-16         0.0      0.5      0.5     0.      1.     1.      0.        0.       0.       -311
kaon0492plus        K^{+}                    0.4976720    0.0000000         0.0      0.5      0.5     1.      0.     0.      1.        0.       0.        321
kaon0492minus       K^{-}                    0.4976720    0.0000000         0.0      0.5     -0.5     0.      1.     1.      0.        0.       0.       -321
kaon0492zsh         K_{s}^{0}                0.4936770    7.349e-15         0.0      0.5     -0.5     0.      0.     0.      0.        0.       0.        310
kaon0492zlo         K_{l}^{0}                0.4936770    1.286e-17         0.0      0.5      0.5     0.      0.     0.      0.        0.       0.        130
kaon0892zero        K^{0}(892)               0.8961000    0.0507000         1.0      0.5     -0.5     1.      0.     0.      1.        0.       0.        313
kaon0892zero_bar    #bar{K}^{+}(892)         0.8961000    0.0507000         1.0      0.5      0.5     0.      1.     1.      0.        0.       0.       -313
kaon0892plus        K^{+}(892)               0.8916600    0.0508000         1.0      0.5      0.5     1.      0.     0.      1.        0.       0.        323
kaon0892minus       K^{-}(892)               0.8916600    0.0508000         1.0      0.5     -0.5     0.      1.     1.      0.        0.       0.       -323
kaon1270zero        K^{0}(1270)              1.2730000    0.0900000         1.0      0.5     -0.5     1.      0.     0.      1.        0.       0.      10313
kaon1270zero_bar    #bar{K}^{0}(1270)        1.2730000    0.0900000         1.0      0.5      0.5     0.      1.     1.      0.        0.       0.     -10313
kaon1270plus        K^{+}(1270)              1.2730000    0.0900000         1.0      0.5      0.5     1.      0.     0.      1.        0.       0.      10323
kaon1270minus       K^{-}(1270)              1.2730000    0.0900000         1.0      0.5     -0.5     0.      1.     1.      0.        0.       0.     -10323
kaon1400zero        K^{0}(1400)              1.4020000    0.1740000         1.0      0.5     -0.5     1.      0.     0.      1.        0.       0.      20313
kaon1400zero_bar    #bar{K}^{0}(1400)        1.4020000    0.1740000         1.0      0.5      0.5     0.      1.     1.      0.        0.       0.     -20313
kaon1400plus        K^{+}(1400)              1.4020000    0.1740000         1.0      0.5      0.5     1.      0.     0.      1.        0.       0.      20323
kaon1400minus       K^{-}(1400)              1.4020000    0.1740000         1.0      0.5     -0.5     0.      1.     1.      0.        0.       0.     -20323
kaon1430zero        K^{0}(1430)              1.4256000    0.0985000         2.0      0.5     -0.5     1.      0.     0.      1.        0.       0.      10311
kaon1430zero_bar    #bar{K}^{0}(1430)        1.4256000    0.0985000         2.0      0.5      0.5     0.      1.     1.      0.        0.       0.     -10311
kaon1430plus        K^{+}(1430)              1.4256000    0.0985000         2.0      0.5      0.5     1.      0.     0.      1.        0.       0.      10321
kaon1430minus       K^{-}(1430)              1.4256000    0.0985000         2.0      0.5     -0.5     0.      1.     1.      0.        0.       0.     -10321
kaon1410zero        K^{0}(1410)              1.4140000    0.2320000         1.0      0.5     -0.5     1.      0.     0.      1.        0.       0.    9920313
kaon1410zero_bar    #bar{K}^{0}(1410)        1.4140000    0.2320000         1.0      0.5      0.5     0.      1.     1.      0.        0.       0.   -9920313
kaon1410plus        K^{+}(1410)              1.4140000    0.2320000         1.0      0.5      0.5     1.      0.     0.      1.        0.       0.     100323
kaon1410minus       K^{-}(1410)              1.4140000    0.2320000         1.0      0.5     -0.5     0.      1.     1.      0.        0.       0.    -100323
kaon1412zero        K^{0}(1412)              1.4120000    0.2940000         0.0      0.5     -0.5     1.      0.     0.      1.        0.       0.     100313
kaon1412zero_bar    #bar{K}^{0}(1412)        1.4120000    0.2940000         0.0      0.5      0.5     0.      1.     1.      0.        0.       0.    -100313
kaon1680zero        K^{0}(1680)              1.7170000    0.3220000         1.0      0.5     -0.5     1.      0.     0.      1.        0.       0.      30313
kaon1680zero_bar    bar{K}^{0}(1680)         1.7170000    0.3220000         1.0      0.5      0.5     0.      1.     1.      0.        0.       0.     -30313
kaon1680plus        K^{+}(1680)              1.7170000    0.3220000         1.0      0.5      0.5     1.      0.     0.      1.        0.       0.      30323
kaon1680minus       K^{-}(1680)              1.7170000    0.3220000         1.0      0.5     -0.5     0.      1.     1.      0.        0.       0.     -30323
kaon1770zero        K^{0}(1770)              1.7730000    0.1860000         2.0      0.5     -0.5     1.      0.     0.      1.        0.       0.      10315
kaon1770zero_bar    #bar{K}^{0}(1770)        1.7730000    0.1860000         2.0      0.5      0.5     0.      1.     1.      0.        0.       0.     -10315
kaon1770plus        K^{+}(1770)              1.7730000    0.1860000         2.0      0.5      0.5     1.      0.     0.      1.        0.       0.      10325
kaon1770minus       K^{-}(1770)              1.7730000    0.1860000         2.0      0.5     -0.5     0.      1.     1.      0.        0.       0.     -10325
kaon1780zero        K^{0}(1780)              1.7760000    0.1590000         3.0      0.5     -0.5     1.      0.     0.      1.        0.       0.        317
kaon1780zero_bar    #bar{K}^{0}(1780)        1.7760000    0.1590000         3.0      0.5      0.5     0.      1.     1.      0.        0.       0.       -317
kaon1780plus        K^{+}(1780)              1.7760000    0.1590000         3.0      0.5      0.5     1.      0.     0.      1.        0.       0.        327
kaon1780minus       K^{-}(1780)              1.7760000    0.1590000         3.0      0.5     -0.5     0.      1.     1.      0.        0.       0.       -327
kaon1820plus        K^{+}(1820)              1.8160000    0.2760000         2.0      0.5      0.5     1.      0.     0.      1.        0.       0.      20315
kaon1820minus       K^{-}(1820)              1.8160000    0.2760000         2.0      0.5     -0.5     0.      1.     1.      0.        0.       0.     -20315
kaon1820zero        K^{0}(1820)              1.8160000    0.2760000         2.0      0.5     -0.5     1.      0.     0.      1.        0.       0.      20325
kaon1820zero_bar    #bar{K}^{0}(1820)        1.8160000    0.2760000         2.0      0.5      0.5     0.      1.     1.      0.        0.       0.     -20325
kaon2045plus        K^{+}(2045)              2.0450000    0.1980000         2.0      0.5      0.5     1.      0.     0.      1.        0.       0.        329
kaon2045minus       K^{-}(2045)              2.0450000    0.1980000         2.0      0.5     -0.5     0.      1.     1.      0.        0.       0.       -329
kaon2045zero        K^{0}(2045)              2.0450000    0.1980000         2.0      0.5     -0.5     1.      0.     0.      1.        0.       0.        319
kaon2045zero_bar    #bar{K}^{0}(2045)        2.0450000    0.1980000         2.0      0.5      0.5     0.      1.     1.      0.        0.       0.       -319

##################################################################################################################################################################
# Name	            LatexTitle                Mass         Gamma/Width       Spin     IsoSpin  I3      Nq     Ns    Naq     Nas       Nc      Nac	         MC
##################################################################################################################################################################
# light baryons
##################################################################################################################################################################
ne0939zero            n                        0.9395653    0.0000000         0.5      0.5     -0.5     3.      0.     0.      0.        0.       0.       2112
ne0939zero_bar        #bar{n}                  0.9395653    0.0000000         0.5      0.5      0.5     0.      0.     3.      0.        0.       0.      -2112
pr0938plus            p                        0.9382720    0.0000000         0.5      0.5      0.5     3.      0.     0.      0.        0.       0.       2212
pr0938plus_bar        #bar{p}                  0.9382720    0.0000000         0.5      0.5     -0.5     0.      0.     3.      0.        0.       0.      -2212
Delta1232plusplus     #Delta^{++}(1232)        1.2320000    0.1200000         1.5      1.5      1.5     3.      0.     0.      0.        0.       0.       2224
Delta1232plus         #Delta^{+}(1232)         1.2320000    0.1200000         1.5      1.5      0.5     3.      0.     0.      0.        0.       0.       2214
Delta1232zero         #Delta^{0}(1232)         1.2320000    0.1200000         1.5      1.5     -0.5     3.      0.     0.      0.        0.       0.       2114
Delta1232minus        #Delta^{-}(1232)         1.2320000    0.1200000         1.5      1.5     -1.5     3.      0.     0.      0.        0.       0.       1114
Delta1232plusplus_bar #bar{#Delta}^{--}(1232)  1.2320000    0.1200000         1.5      1.5     -1.5     0.      0.     3.      0.        0.       0.      -2224
Delta1232plus_bar     #bar{#Delta}^{-}(1232)   1.2320000    0.1200000         1.5      1.5     -0.5     0.      0.     3.      0.        0.       0.      -2214
Delta1232zero_bar     #bar{#Delta}^{0}(1232)   1.2320000    0.1200000         1.5      1.5      0.5     0.      0.     3.      0.        0.       0.      -2114
Delta1232minus_bar    #bar{#Delta}^{+}(1232)   1.2320000    0.1200000         1.5      1.5      1.5     0.      0.     3.      0.        0.       0.      -1114
Delta1600plusplus     #Delta^{++}(1600)        1.6000000    0.3500000         1.5      1.5      1.5     3.      0.     0.      0.        0.       0.      31114
Delta1600plus         #Delta^{+}(1600)         1.6000000    0.3500000         1.5      1.5      0.5     3.      0.     0.      0.        0.       0.      32114
Delta1600zero         #Delta^{0}(1600)         1.6000000    0.3500000         1.5      1.5     -0.5     3.      0.     0.      0.        0.       0.      32214
Delta1600minus        #Delta^{-}(1600)         1.6000000    0.3500000         1.5      1.5     -1.5     3.      0.     0.      0.        0.       0.      32224
Delta1600plusplus_bar #bar{#Delta}^{--}(1620)  1.6000000    0.3500000         1.5      1.5     -1.5     0.      0.     3.      0.        0.       0.     -31114
Delta1600plus_bar     #bar{#Delta}^{-}(1620)   1.6000000    0.3500000         1.5      1.5     -0.5     0.      0.     3.      0.        0.       0.     -32114
Delta1600zero_bar     #bar{#Delta}^{0}(1620)   1.6000000    0.3500000         1.5      1.5      0.5     0.      0.     3.      0.        0.       0.     -32214
Delta1600minus_bar    #bar{#Delta}^{+}(1620)   1.6000000    0.3500000         1.5      1.5      1.5     0.      0.     3.      0.        0.       0.     -32224
Delta1620plusplus     #Delta^{++}(1620)        1.6200000    0.1500000         0.5      1.5      1.5     3.      0.     0.      0.        0.       0.       1112
Delta1620plus         #Delta^{+}(1620)         1.6200000    0.1500000         0.5      1.5      0.5     3.      0.     0.      0.        0.       0.       1212
Delta1620zero         #Delta^{0}(1620)         1.6200000    0.1500000         0.5      1.5     -0.5     3.      0.     0.      0.        0.       0.       2122
Delta1620minus        #Delta^{-}(1620)         1.6200000    0.1500000         0.5      1.5     -1.5     3.      0.     0.      0.        0.       0.       2222
Delta1620plusplus_bar #bar{#Delta}^{--}(1620)  1.6200000    0.1500000         0.5      1.5     -1.5     0.      0.     3.      0.        0.       0.      -1112
Delta1620plus_bar     #bar{#Delta}^{-}(1620)   1.6200000    0.1500000         0.5      1.5     -0.5     0.      0.     3.      0.        0.       0.      -1212
Delta1620zero_bar     #bar{#Delta}^{0}(1620)   1.6200000    0.1500000         0.5      1.5      0.5     0.      0.     3.      0.        0.       0.      -2122
Delta1620minus_bar    #bar{#Delta}^{+}(1620)   1.6200000    0.1500000         0.5      1.5      1.5     0.      0.     3.      0.        0.       0.      -2222
Delta2420plusplus     #Delta^{++}(2420)        2.4200000    0.4000000         5.5      1.5      1.5     3.      0.     0.      0.        0.       0.       9297
Delta2420plus         #Delta^{+}(2420)         2.4200000    0.4000000         5.5      1.5      0.5     3.      0.     0.      0.        0.       0.       9298
Delta2420zero         #Delta^{0}(2420)         2.4200000    0.4000000         5.5      1.5     -0.5     3.      0.     0.      0.        0.       0.       9299
Delta2420minus        #Delta^{-}(2420)         2.4200000    0.4000000         5.5      1.5     -1.5     3.      0.     0.      0.        0.       0.       9300
Delta2420plusplus_bar #bar{#Delta}^{--}(2420)  2.4200000    0.4000000         5.5      1.5     -1.5     0.      0.     3.      0.        0.       0.      -9297
Delta2420plus_bar     #bar{#Delta}^{-}(2420)   2.4200000    0.4000000         5.5      1.5     -0.5     0.      0.     3.      0.        0.       0.      -9298
Delta2420zero_bar     #bar{#Delta}^{0}(2420)   2.4200000    0.4000000         5.5      1.5      0.5     0.      0.     3.      0.        0.       0.      -9299
Delta2420minus_bar    #bar{#Delta}^{+}(2420)   2.4200000    0.4000000         5.5      1.5      1.5     0.      0.     3.      0.        0.       0.      -9300
Delta1950plusplus     #Delta^{++}(1950)        1.9500000    0.3000000         3.5      1.5      1.5     3.      0.     0.      0.        0.       0.       1118
Delta1950plus         #Delta^{+}(1950)         1.9500000    0.3000000         3.5      1.5      0.5     3.      0.     0.      0.        0.       0.       2118
Delta1950zero         #Delta^{0}(1950)         1.9500000    0.3000000         3.5      1.5     -0.5     3.      0.     0.      0.        0.       0.       2218
Delta1950minus        #Delta^{-}(1950)         1.9500000    0.3000000         3.5      1.5     -1.5     3.      0.     0.      0.        0.       0.       2228
Delta1950plusplus_bar #bar{#Delta}^{--}(1950)  1.9500000    0.3000000         3.5      1.5     -1.5     0.      0.     3.      0.        0.       0.      -1118
Delta1950plus_bar      #bar{#Delta}^{-}(1950)   1.9500000    0.3000000         3.5      1.5     -0.5     0.      0.     3.      0.        0.       0.      -2118
Delta1950zero_bar      #bar{#Delta}^{0}(1950)   1.9500000    0.3000000         3.5      1.5      0.5     0.      0.     3.      0.        0.       0.      -2218
Delta1950minus_bar     #bar{#Delta}^{+}(1950)   1.9500000    0.3000000         3.5      1.5      1.5     0.      0.     3.      0.        0.       0.      -2228
Delta1930plusplus      #Delta^{++}(1930)        1.9300000    0.3500000         2.5      1.5      1.5     3.      0.     0.      0.        0.       0.      11116
Delta1930plus          #Delta^{+}(1930)         1.9300000    0.3500000         2.5      1.5      0.5     3.      0.     0.      0.        0.       0.      11216
Delta1930zero          #Delta^{0}(1930)         1.9300000    0.3500000         2.5      1.5     -0.5     3.      0.     0.      0.        0.       0.      12126
Delta1930minus         #Delta^{-}(1930)         1.9300000    0.3500000         2.5      1.5     -1.5     3.      0.     0.      0.        0.       0.      12226
Delta1930plusplus_bar  #bar{#Delta}^{--}(1950)  1.9300000    0.3500000         2.5      1.5     -1.5     0.      0.     3.      0.        0.       0.     -11116
Delta1930plus_bar      #bar{#Delta}^{-}(1950)   1.9300000    0.3500000         2.5      1.5     -0.5     0.      0.     3.      0.        0.       0.     -11216
Delta1930zero_bar      #bar{#Delta}^{0}(1950)   1.9300000    0.3500000         2.5      1.5      0.5     0.      0.     3.      0.        0.       0.     -12126
Delta1930minus_bar     #bar{#Delta}^{+}(1950)   1.9300000    0.3500000         2.5      1.5      1.5     0.      0.     3.      0.        0.       0.     -12226
Delta1920plusplus      #Delta^{++}(1920)        1.9200000    0.2000000         1.5      1.5      1.5     3.      0.     0.      0.        0.       0.      21114
Delta1920plus          #Delta^{+}(1920)         1.9200000    0.2000000         1.5      1.5      0.5     3.      0.     0.      0.        0.       0.      22114
Delta1920zero          #Delta^{0}(1920)         1.9200000    0.2000000         1.5      1.5     -0.5     3.      0.     0.      0.        0.       0.      22214
Delta1920minus         #Delta^{-}(1920)         1.9200000    0.2000000         1.5      1.5     -1.5     3.      0.     0.      0.        0.       0.      22224
Delta1920plusplus_bar  #bar{#Delta}^{--}(1920)  1.9200000    0.2000000         1.5      1.5     -1.5     0.      0.     3.      0.        0.       0.     -21114
Delta1920plus_bar      #bar{#Delta}^{-}(1920)   1.9200000    0.2000000         1.5      1.5     -0.5     0.      0.     3.      0.        0.       0.     -22114
Delta1920zero_bar      #bar{#Delta}^{0}(1920)   1.9200000    0.2000000         1.5      1.5      0.5     0.      0.     3.      0.        0.       0.     -22214
Delta1920minus_bar     #bar{#Delta}^{+}(1920)   1.9200000    0.2000000         1.5      1.5      1.5     0.      0.     3.      0.        0.       0.     -22224
Delta1700plusplus      #Delta^{++}(1700)        1.7000000    0.3000000         1.5      1.5      1.5     3.      0.     0.      0.        0.       0.      11114
Delta1700plus          #Delta^{+}(1700)         1.7000000    0.3000000         1.5      1.5      0.5     3.      0.     0.      0.        0.       0.      12114
Delta1700zero          #Delta^{0}(1700)         1.7000000    0.3000000         1.5      1.5     -0.5     3.      0.     0.      0.        0.       0.      12214
Delta1700minus         #Delta^{-}(1700)         1.7000000    0.3000000         1.5      1.5     -1.5     3.      0.     0.      0.        0.       0.      12224
Delta1700plusplus_bar  #bar{#Delta}^{--}(1700)  1.7000000    0.3000000         1.5      1.5     -1.5     0.      0.     3.      0.        0.       0.     -11114
Delta1700plus_bar      #bar{#Delta}^{-}(1700)   1.7000000    0.3000000         1.5      1.5     -0.5     0.      0.     3.      0.        0.       0.     -12114
Delta1700zero_bar      #bar{#Delta}^{0}(1700)   1.7000000    0.3000000         1.5      1.5      0.5     0.      0.     3.      0.        0.       0.     -12214
Delta1700minus_bar     #bar{#Delta}^{+}(1700)   1.7000000    0.3000000         1.5      1.5      1.5     0.      0.     3.      0.        0.       0.     -12224
Delta1910plusplus      #Delta^{++}(1910)        1.9100000    0.2500000         0.5      1.5      1.5     3.      0.     0.      0.        0.       0.      21112
Delta1910plus          #Delta^{+}(1910)         1.9100000    0.2500000         0.5      1.5      0.5     3.      0.     0.      0.        0.       0.      21212
Delta1910zero          #Delta^{0}(1910)         1.9100000    0.2500000         0.5      1.5     -0.5     3.      0.     0.      0.        0.       0.      22122
Delta1910minus         #Delta^{-}(1910)         1.9100000    0.2500000         0.5      1.5     -1.5     3.      0.     0.      0.        0.       0.      22222
Delta1910plusplus_bar  #bar{#Delta}^{--}(1910)  1.9100000    0.2500000         0.5      1.5     -1.5     0.      0.     3.      0.        0.       0.     -21112
Delta1910plus_bar      #bar{#Delta}^{-}(1910)   1.9100000    0.2500000         0.5      1.5     -0.5     0.      0.     3.      0.        0.       0.     -21212
Delta1910zero_bar      #bar{#Delta}^{0}(1910)   1.9100000    0.2500000         0.5      1.5      0.5     0.      0.     3.      0.        0.       0.     -22122
Delta1910minus_bar     #bar{#Delta}^{+}(1910)   1.9100000    0.2500000         0.5      1.5      1.5     0.      0.     3.      0.        0.       0.     -22222
Delta1905plusplus      #Delta^{++}(1905)        1.9050000    0.3500000         2.5      1.5      1.5     3.      0.     0.      0.        0.       0.       1116
Delta1905plus          #Delta^{+}(1905)         1.9050000    0.3500000         2.5      1.5      0.5     3.      0.     0.      0.        0.       0.       1216
Delta1905zero          #Delta^{0}(1905)         1.9050000    0.3500000         2.5      1.5     -0.5     3.      0.     0.      0.        0.       0.       2126
Delta1905minus         #Delta^{-}(1905)         1.9050000    0.3500000         2.5      1.5     -1.5     3.      0.     0.      0.        0.       0.       2226
Delta1905plusplus_bar  #bar{#Delta}^{--}(1905)  1.9050000    0.3500000         2.5      1.5     -1.5     0.      0.     3.      0.        0.       0.      -1116
Delta1905plus_bar      #bar{#Delta}^{-}(1905)   1.9050000    0.3500000         2.5      1.5     -0.5     0.      0.     3.      0.        0.       0.      -1216
Delta1905zero_bar      #bar{#Delta}^{0}(1905)   1.9050000    0.3500000         2.5      1.5      0.5     0.      0.     3.      0.        0.       0.      -2126
Delta1905minus_bar     #bar{#Delta}^{+}(1905)   1.9050000    0.3500000         2.5      1.5      1.5     0.      0.     3.      0.        0.       0.      -2226

Ns1440plus          N^{*+}(1440)             1.4400000    0.3500000         0.5      0.5      0.5     3.      0.     0.      0.        0.       0.      12212
Ns1440zero          N^{*0}(1440)             1.4400000    0.3500000         0.5      0.5     -0.5     3.      0.     0.      0.        0.       0.      12112
Ns1440plus_bar      #bar{N}^{*-}(1440)       1.4400000    0.3500000         0.5      0.5     -0.5     0.      0.     3.      0.        0.       0.     -12212
Ns1440zero_bar      #bar{N}^{*0}(1440)       1.4400000    0.3500000         0.5      0.5      0.5     0.      0.     3.      0.        0.       0.     -12112
Ns1520plus          N^{*+}(1520)             1.5200000    0.1200000         1.5      0.5      0.5     3.      0.     0.      0.        0.       0.       2124
Ns1520zero          N^{*0}(1520)             1.5200000    0.1200000         1.5      0.5     -0.5     3.      0.     0.      0.        0.       0.       1214
Ns1520plus_bar      #bar{N}^{*-}(1520)       1.5200000    0.1200000         1.5      0.5     -0.5     0.      0.     3.      0.        0.       0.      -2124
Ns1520zero_bar      #bar{N}^{*0}(1520)       1.5200000    0.1200000         1.5      0.5      0.5     0.      0.     3.      0.        0.       0.      -1214
Ns1535plus          N^{*+}(1535)             1.5350000    0.1500000         0.5      0.5      0.5     3.      0.     0.      0.        0.       0.     112212
Ns1535zero          N^{*0}(1535)             1.5350000    0.1500000         0.5      0.5     -0.5     3.      0.     0.      0.        0.       0.     112122
Ns1535plus_bar      #bar{N}^{*-}(1535)       1.5350000    0.1500000         0.5      0.5     -0.5     0.      0.     3.      0.        0.       0.    -112212
Ns1535zero_bar      #bar{N}^{*0}(1535)       1.5350000    0.1500000         0.5      0.5      0.5     0.      0.     3.      0.        0.       0.    -112122
Ns1650plus          N^{*+}(1650)             1.6500000    0.1500000         0.5      0.5      0.5     3.      0.     0.      0.        0.       0.      32112
Ns1650zero          N^{*0}(1650)             1.6500000    0.1500000         0.5      0.5     -0.5     3.      0.     0.      0.        0.       0.      32212
Ns1650plus_bar      #bar{#N}^{*-}(1650)      1.6500000    0.1500000         0.5      0.5     -0.5     0.      0.     3.      0.        0.       0.     -32112
Ns1650zero_bar      #bar{#N}^{*0}(1650)      1.6500000    0.1500000         0.5      0.5      0.5     0.      0.     3.      0.        0.       0.     -32212
Ns1675plus          N^{*+}(1675)             1.6750000    0.1500000         2.5      0.5      0.5     3.      0.     0.      0.        0.       0.       2116
Ns1675zero          N^{*0}(1675)             1.6750000    0.1500000         2.5      0.5     -0.5     3.      0.     0.      0.        0.       0.       2216
Ns1675plus_bar      #bar{N}^{-}(1675)        1.6750000    0.1500000         2.5      0.5     -0.5     0.      0.     3.      0.        0.       0.      -2116
Ns1675zero_bar      #bar{N}^{0}(1672)        1.6750000    0.1500000         2.5      0.5      0.5     0.      0.     3.      0.        0.       0.      -2216
Ns1680plus          N^{*+}(1680)             1.6800000    0.1300000         2.5      0.5      0.5     3.      0.     0.      0.        0.       0.      12116
Ns1680zero          N^{*0}(1680)             1.6800000    0.1300000         2.5      0.5     -0.5     3.      0.     0.      0.        0.       0.      12216
Ns1680plus_bar      #bar{N}^{-}(1680)        1.6800000    0.1300000         2.5      0.5     -0.5     0.      0.     3.      0.        0.       0.     -12116
Ns1680zero_bar      #bar{N}^{0}(1680)        1.6800000    0.1300000         2.5      0.5      0.5     0.      0.     3.      0.        0.       0.     -12216
Ns1700plus          N^{*+}(1700)             1.7000000    0.1000000         1.5      0.5      0.5     3.      0.     0.      0.        0.       0.      21214
Ns1700zero          N^{*0}(1700)             1.7000000    0.1000000         1.5      0.5     -0.5     3.      0.     0.      0.        0.       0.      22124
Ns1700plus_bar      #bar{N}^{*-}(1700)       1.7000000    0.1000000         1.5      0.5     -0.5     0.      0.     3.      0.        0.       0.     -21214
Ns1700zero_bar      #bar{N}^{*0}(1700)       1.7000000    0.1000000         1.5      0.5      0.5     0.      0.     3.      0.        0.       0.     -22124
Ns1710plus          N^{*+}(1710)             1.7100000    0.1000000         0.5      0.5      0.5     3.      0.     0.      0.        0.       0.      42112
Ns1710zero          N^{*0}(1710)             1.7100000    0.1000000         0.5      0.5     -0.5     3.      0.     0.      0.        0.       0.      42212
Ns1710plus_bar      #bar{N}^{*-}(1710)       1.7100000    0.1000000         0.5      0.5     -0.5     0.      0.     3.      0.        0.       0.     -42112
Ns1710zero_bar      #bar{N}^{*0}(1710)       1.7100000    0.1000000         0.5      0.5      0.5     0.      0.     3.      0.        0.       0.     -42212
Ns1720plus          N^{*+}(1770)             1.7200000    0.1500000         1.5      0.5      0.5     3.      0.     0.      0.        0.       0.      31214
Ns1720zero          N^{*0}(1770)             1.7200000    0.1500000         1.5      0.5     -0.5     3.      0.     0.      0.        0.       0.      32124
Ns1720plus_bar      #bar{N}^{*-}(1770)       1.7200000    0.1500000         1.5      0.5     -0.5     0.      0.     3.      0.        0.       0.     -31214
Ns1720zero_bar      #bar{N}^{*0}(1770)       1.7200000    0.1500000         1.5      0.5      0.5     0.      0.     3.      0.        0.       0.     -32124
Ns2190plus          N_{s}^{+}(2190)          2.1900000    0.4500000         3.5      0.5      0.5     3.      0.     0.      0.        0.       0.       1218
Ns2190zero          N_{s}^{0}(2190)          2.1900000    0.4500000         3.5      0.5     -0.5     3.      0.     0.      0.        0.       0.       2128
Ns2190plus_bar      #bar{N}_{s}^{-}(2190)    2.1900000    0.4500000         3.5      0.5     -0.5     0.      0.     3.      0.        0.       0.      -1218
Ns2190zero_bar      #bar{N}_{s}^{0}(2190)    2.1900000    0.4500000         3.5      0.5      0.5     0.      0.     3.      0.        0.       0.      -2128
Ns2250plus          N_{s}^{+}(2250)          2.2500000    0.4000000         4.5      0.5      0.5     3.      0.     0.      0.        0.       0.       5128
Ns2250zero          N_{s}^{0}(2250)          2.2500000    0.4000000         4.5      0.5     -0.5     3.      0.     0.      0.        0.       0.       5218
Ns2250plus_bar      #bar{N}_{s}^{-}(2250)    2.2500000    0.4000000         4.5      0.5     -0.5     0.      0.     3.      0.        0.       0.      -5128
Ns2250zero_bar      #bar{N}_{s}^{0}(2250)    2.2500000    0.4000000         4.5      0.5      0.5     0.      0.     3.      0.        0.       0.      -5218
Ns2600plus          N^{*+}(2600)             2.6000000    0.6500000         5.5      0.5      0.5     3.      0.     0.      0.        0.       0.       9401
Ns2600zero          N^{*0}(2600)             2.6000000    0.6500000         5.5      0.5     -0.5     3.      0.     0.      0.        0.       0.       9400
Ns2600plus_bar      #bar{N}^{*-}(2600)       2.6000000    0.6500000         5.5      0.5     -0.5     0.      0.     3.      0.        0.       0.      -9401
Ns2600zero_bar      #bar{N}^{*0}(2600)       2.6000000    0.6500000         5.5      0.5      0.5     0.      0.     3.      0.        0.       0.      -9400


##################################################################################################################################################################
# Name	    LatexTitle                Mass         Gamma/Width       Spin     IsoSpin  I3      Nq     Ns    Naq     Nas       Nc      Nac	         MC
##################################################################################################################################################################
# strange baryons
##################################################################################################################################################################
Lambda1115zero        #Lambda^{0}(1115)        1.1156830    2.500e-15         0.5      0.       0.      2.      1.     0.      0.        0.       0.       3122
Lambda1115zero_bar    #bar{Lambda}^{0}(1115)   1.1156830    2.500e-15         0.5      0.       0.      0.      0.     2.      1.        0.       0.      -3122
Lambda1405zero        #Lambda^{0}(1405)        1.4060000    0.0500000         0.5      0.       0.      2.      1.     0.      0.        0.       0.      13122
Lambda1405zero_bar    #bar{Lambda}^{0}(1405)   1.4060000    0.0500000         0.5      0.       0.      0.      0.     2.      1.        0.       0.     -13122
Lambda1520zero        #Lambda^{0}(1520)        1.5195000    0.0156000         1.5      0.       0.      2.      1.     0.      0.        0.       0.       3124
Lambda1520zero_bar    #bar{#Lambda}^{0}(1520)  1.5195000    0.0156000         1.5      0.       0.      0.      0.     2.      1.        0.       0.      -3124
Lambda1670zero        #Lambda^{0}(1670)        1.6700000    0.0350000         0.5      0.       0.      2.      1.     0.      0.        0.       0.      33122
Lambda1670zero_bar    #bar{#Lambda}^{0}(1670)  1.6700000    0.0350000         0.5      0.       0.      0.      0.     2.      1.        0.       0.     -33122
Lambda1600zero        #Lambda^{0}(1600)        1.6000000    0.1500000         0.5      0.       0.      2.      1.     0.      0.        0.       0.      23122
Lambda1600zero_bar    #bar{#Lambda}^{0}(1600)  1.6000000    0.1500000         0.5      0.       0.      0.      0.     2.      1.        0.       0.     -23122
Lambda1690zero        #Lambda^{0}(1690)        1.6900000    0.0600000         1.5      0.       0.      2.      1.     0.      0.        0.       0.      13124
Lambda1690zero_bar    #bar{#Lambda}^{0}(1690)  1.6900000    0.0600000         1.5      0.       0.      0.      0.     2.      1.        0.       0.     -13124
Lambda1800zero        #Lambda^{0}(1800)        1.8000000    0.3000000         0.5      0.       0.      2.      1.     0.      0.        0.       0.      43122
Lambda1800zero_bar    #bar{#Lambda}^{0}(1800)  1.8000000    0.3000000         0.5      0.       0.      0.      0.     2.      1.        0.       0.     -43122
Lambda1820zero        #Lambda^{0}(1820)        1.8200000    0.8000000         0.5      0.       0.      2.      1.     0.      0.        0.       0.       3126
Lambda1820zero_bar    #bar{#Lambda}^{0}(1820)  1.8200000    0.8000000         0.5      0.       0.      0.      0.     2.      1.        0.       0.      -3126
Lambda1810zero        #Lambda^{0}(1810)        1.8100000    0.1500000         0.5      0.       0.      2.      1.     0.      0.        0.       0.      53122
Lambda1810zero_bar    #bar{#Lambda}^{0}(1810)  1.8100000    0.1500000         0.5      0.       0.      0.      0.     2.      1.        0.       0.     -53122
Lambda1890zero        #Lambda^{0}(1890)        1.8900000    0.1000000         1.5      0.       0.      2.      1.     0.      0.        0.       0.      23124
Lambda1890zero_bar    #bar{#Lambda}^{0}(1890)  1.8900000    0.1000000         1.5      0.       0.      0.      0.     2.      1.        0.       0.     -23124
Lambda1830zero        #Lambda^{0}(1830)        1.8300000    0.9500000         0.5      0.       0.      2.      1.     0.      0.        0.       0.      13126
Lambda1830zero_bar    #bar{#Lambda}^{0}(1830)  1.8300000    0.9500000         0.5      0.       0.      0.      0.     2.      1.        0.       0.     -13126
Lambda2110zero        #Lambda^{0}(2110)        2.1100000    0.2000000         1.5      0.       0.      2.      1.     0.      0.        0.       0.      23126
Lambda2110zero_bar    #bar{#Lambda}^{0}(2110)  2.1100000    0.2000000         1.5      0.       0.      0.      0.     2.      1.        0.       0.     -23126
Lambda2100zero        #Lambda^{0}(2100)        2.1000000    0.2000000         1.5      0.       0.      2.      1.     0.      0.        0.       0.       3128
Lambda2100zero_bar    #bar{#Lambda}^{0}(2100)  2.1000000    0.2000000         1.5      0.       0.      0.      0.     2.      1.        0.       0.      -3128
Lambda2350zero        #Lambda^{0}(2350)        2.3500000    0.1500000         1.5      0.       0.      2.      1.     0.      0.        0.       0.       9001
Lambda2350zero_bar    #bar{#Lambda}^{0}(2350)  2.3500000    0.1500000         1.5      0.       0.      0.      0.     2.      1.        0.       0.      -9001

Sigma1189minus        #Sigma^{-}(1189)         1.1970000    4.450e-15         0.5      1.      -1.      2.      1.     0.      0.        0.       0.       3112
Sigma1189minus_bar    #bar{#Sigma}^{-}(1189)   1.1970000    4.450e-15         0.5      1.       1.      0.      0.     2.      1.        0.       0.      -3112
Sigma1192zero         #Sigma^{0}(1189)         1.1930000    8.895e-06         0.5      1.       0.      2.      1.     0.      0.        0.       0.       3212
Sigma1192zero_bar     #bar{#Sigma}^{-}(1189)   1.1930000    8.895e-06         0.5      1.       0.      0.      0.     2.      1.        0.       0.      -3212
Sigma1189plus         #Sigma^{+}(1189)         1.1890000    8.209e-15         0.5      1.       1.      2.      1.     0.      0.        0.       0.       3222
Sigma1189plus_bar     #bar{#Sigma}^{-}(1189)   1.1890000    8.209e-15         0.5      1.      -1.      0.      0.     2.      1.        0.       0.      -3222
Sigma1385minus        #Sigma^{-}(1385)         1.3872000    0.0394000         1.5      1.      -1.      2.      1.     0.      0.        0.       0.       3114
Sigma1385minus_bar    #bar{#Sigma}^{-}(1385)   1.3872000    0.0394000         1.5      1.       1.      0.      0.     2.      1.        0.       0.      -3114
Sigma1385zero         #Sigma^{0}(1385)         1.3837000    0.0360000         1.5      1.       0.      2.      1.     0.      0.        0.       0.       3214
Sigma1385zero_bar     #bar{#Sigma}^{0}(1385)   1.3837000    0.0360000         1.5      1.       0.      0.      0.     2.      1.        0.       0.      -3214
Sigma1385plus         #Sigma^{+}(1385)         1.3828000    0.0358000         1.5      1.       1.      2.      1.     0.      0.        0.       0.       3224
Sigma1385plus_bar     #bar{#Sigma}^{-}(1385)   1.3828000    0.0358000         1.5      1.      -1.      0.      0.     2.      1.        0.       0.      -3224
Sigma1660plus         #Sigma^{+}(1660)         1.6600000    0.1000000         0.5      1.       1.      2.      1.     0.      0.        0.       0.      13112
Sigma1660minus        #Sigma^{-}(1660)         1.6600000    0.1000000         0.5      1.      -1.      2.      1.     0.      0.        0.       0.      13212
Sigma1660zero         #Sigma^{0}(1660)         1.6600000    0.1000000         0.5      1.       0.      2.      1.     0.      0.        0.       0.      13222
Sigma1660plus_bar     #bar{#Sigma}^{-}(1660)   1.6600000    0.1000000         0.5      1.      -1.      0.      0.     2.      1.        0.       0.     -13112
Sigma1660minus_bar    #bar{#Sigma}^{+}(1660)   1.6600000    0.1000000         0.5      1.       1.      0.      0.     2.      1.        0.       0.     -13212
Sigma1660zero_bar     #bar{#Sigma}^{0}(1660)   1.6600000    0.1000000         0.5      1.       0.      0.      0.     2.      1.        0.       0.     -13222
Sigma1670plus         #Sigma^{+}(1670)         1.6700000    0.0600000         1.5      1.       1.      2.      1.     0.      0.        0.       0.      13114
Sigma1670minus        #Sigma^{-}(1670)         1.6700000    0.0600000         1.5      1.      -1.      2.      1.     0.      0.        0.       0.      13214
Sigma1670zero         #Sigma^{0}(1670)         1.6700000    0.0600000         1.5      1.       0.      2.      1.     0.      0.        0.       0.      13224
Sigma1670plus_bar     #bar{#Sigma}^{-}(1670)   1.6700000    0.0600000         1.5      1.      -1.      0.      0.     2.      1.        0.       0.     -13114
Sigma1670minus_bar    #bar{#Sigma}^{+}(1670)   1.6700000    0.0600000         1.5      1.       1.      0.      0.     2.      1.        0.       0.     -13214
Sigma1670zero_bar     #bar{#Sigma}^{0}(1670)   1.6700000    0.0600000         1.5      1.       0.      0.      0.     2.      1.        0.       0.     -13224
Sigma1775plus         #Sigma^{+}(1775)         1.7750000    0.1200000         2.5      1.       1.      2.      1.     0.      0.        0.       0.       3116
Sigma1775minus        #Sigma^{-}(1775)         1.7750000    0.1200000         2.5      1.      -1.      2.      1.     0.      0.        0.       0.       3216
Sigma1775zero         #Sigma^{0}(1775)         1.7750000    0.1200000         2.5      1.       0.      2.      1.     0.      0.        0.       0.       3226
Sigma1775plus_bar     #bar{#Sigma}^{-}(1775)   1.7750000    0.1200000         2.5      1.      -1.      0.      0.     2.      1.        0.       0.      -3116
Sigma1775minus_bar    #bar{#Sigma}^{+}(1775)   1.7750000    0.1200000         2.5      1.       1.      0.      0.     2.      1.        0.       0.      -3216
Sigma1775zero_bar     #bar{#Sigma}^{0}(1775)   1.7750000    0.1200000         2.5      1.       0.      0.      0.     2.      1.        0.       0.      -3226
Sigma1750plus         #Sigma^{+}(1750)         1.7500000    0.0900000         0.5      1.       1.      2.      1.     0.      0.        0.       0.       8116
Sigma1750zero         #Sigma^{0}(1750)         1.7500000    0.0900000         0.5      1.       0.      2.      1.     0.      0.        0.       0.       8117
Sigma1750minus        #Sigma^{-}(1750)         1.7500000    0.0900000         0.5      1.      -1.      2.      1.     0.      0.        0.       0.       8118
Sigma1750plus_bar     #bar{#Sigma}^{-}(1750)   1.7500000    0.0900000         0.5      1.      -1.      0.      0.     2.      1.        0.       0.      -8116
Sigma1750zero_bar     #bar{#Sigma}^{0}(1750)   1.7500000    0.0900000         0.5      1.       0.      0.      0.     2.      1.        0.       0.      -8117
Sigma1750minus_bar    #bar{#Sigma}^{+}(1750)   1.7500000    0.0900000         0.5      1.       1.      0.      0.     2.      1.        0.       0.      -8118
Sigma1915plus         #Sigma^{+}(1915)         1.9150000    0.1200000         2.5      1.       1.      2.      1.     0.      0.        0.       0.      13116
Sigma1915minus        #Sigma^{-}(1915)         1.9150000    0.1200000         2.5      1.      -1.      2.      1.     0.      0.        0.       0.      13216
Sigma1915zero         #Sigma^{0}(1915)         1.9150000    0.1200000         2.5      1.       0.      2.      1.     0.      0.        0.       0.      13226
Sigma1915plus_bar     #bar{#Sigma}^{-}(1915)   1.9150000    0.1200000         2.5      1.      -1.      0.      0.     2.      1.        0.       0.     -13116
Sigma1915minus_bar    #bar{#Sigma}^{+}(1915)   1.9150000    0.1200000         2.5      1.       1.      0.      0.     2.      1.        0.       0.     -13216
Sigma1915zero_bar     #bar{#Sigma}^{0}(1915)   1.9150000    0.1200000         2.5      1.       0.      0.      0.     2.      1.        0.       0.     -13226
Sigma1940plus         #Sigma^{+}(1940)         1.9400000    0.2200000         1.5      1.       1.      2.      1.     0.      0.        0.       0.      23114
Sigma1940minus        #Sigma^{-}(1940)         1.9400000    0.2200000         1.5      1.      -1.      2.      1.     0.      0.        0.       0.      23214
Sigma1940zero         #Sigma^{0}(1940)         1.9400000    0.2200000         1.5      1.       0.      2.      1.     0.      0.        0.       0.      23224
Sigma1940plus_bar     #bar{#Sigma}^{-}(1940)   1.9400000    0.2200000         1.5      1.      -1.      0.      0.     2.      1.        0.       0.     -23114
Sigma1940minus_bar    #bar{#Sigma}^{+}(1940)   1.9400000    0.2200000         1.5      1.       1.      0.      0.     2.      1.        0.       0.     -23214
Sigma1940zero_bar     #bar{#Sigma}^{0}(1940)   1.9400000    0.2200000         1.5      1.       0.      0.      0.     2.      1.        0.       0.     -23224
Sigma2250plus         #Sigma^{+}(2250)         2.2500000    0.1000000         1.5      1.       1.      2.      1.     0.      0.        0.       0.       4028
Sigma2250minus        #Sigma^{-}(2250)         2.2500000    0.1000000         1.5      1.      -1.      2.      1.     0.      0.        0.       0.       4128
Sigma2250zero         #Sigma^{0}(2250)         2.2500000    0.1000000         1.5      1.       0.      2.      1.     0.      0.        0.       0.       4228
Sigma2250plus_bar     #bar{#Sigma}^{-}(2250)   2.2500000    0.1000000         1.5      1.      -1.      0.      0.     2.      1.        0.       0.      -4028
Sigma2250minus_bar    #bar{#Sigma}^{+}(2250)   2.2500000    0.1000000         1.5      1.       1.      0.      0.     2.      1.        0.       0.      -4128
Sigma2250zero_bar     #bar{#Sigma}^{0}(2250)   2.2500000    0.1000000         1.5      1.       0.      0.      0.     2.      1.        0.       0.      -4228
Sigma2030plus         #Sigma^{+}(2030)         2.0300000    0.1800000         1.5      1.       1.      2.      1.     0.      0.        0.       0.       3118
Sigma2030minus        #Sigma^{-}(2030)         2.0300000    0.1800000         1.5      1.      -1.      2.      1.     0.      0.        0.       0.       3218
Sigma2030zero         #Sigma^{0}(2030)         2.0300000    0.1800000         1.5      1.       0.      2.      1.     0.      0.        0.       0.       3228
Sigma2030plus_bar     #bar{#Sigma}^{-}(2030)   2.0300000    0.1800000         1.5      1.      -1.      0.      0.     2.      1.        0.       0.      -3118
Sigma2030minus_bar    #bar{#Sigma}^{+}(2030)   2.0300000    0.1800000         1.5      1.       1.      0.      0.     2.      1.        0.       0.      -3218
Sigma2030zero_bar     #bar{#Sigma}^{0}(2030)   2.0300000    0.1800000         1.5      1.       0.      0.      0.     2.      1.        0.       0.      -3228

Xi1321minus           #Xi^{-}(1321)            1.3213100    3.888e-15         0.5      0.5     -0.5     1.      2.     0.      0.        0.       0.       3312
Xi1321minus_bar       #bar{#Xi}^{+}(1321)      1.3213100    3.888e-15         0.5      0.5      0.5     0.      0.     1.      2.        0.       0.      -3312
Xi1321zero            #Xi^{0}(1321)            1.3148300    2.267e-15         0.5      0.5      0.5     1.      2.     0.      0.        0.       0.       3322
Xi1321zero_bar        #bar{#Xi}^{0}(1321)      1.3148300    2.267e-15         0.5      0.5     -0.5     0.      0.     1.      2.        0.       0.      -3322
Xi1530minus           #Xi^{-}(1530)            1.5350000    0.0099000         1.5      0.5     -0.5     1.      2.     0.      0.        0.       0.       3324
Xi1530minus_bar       #bar{Xi}^{+}(1530)       1.5350000    0.0099000         1.5      0.5      0.5     0.      0.     1.      2.        0.       0.      -3324
Xi1530zero            #Xi^{0}(1530)            1.5318000    0.0091000         1.5      0.5      0.5     1.      2.     0.      0.        0.       0.       3314
Xi1530zero_bar        #bar{Xi}^{0}(1530)       1.5318000    0.0091000         1.5      0.5     -0.5     0.      0.     1.      2.        0.       0.      -3314
Xi1620minus           #Xi^{-}(1620)            1.6200000    0.0300000         1.5      0.5     -0.5     1.      2.     0.      0.        0.       0.      46653
Xi1620minus_bar       #bar{#Xi}^{+}(1620)      1.6200000    0.0300000         1.5      0.5      0.5     0.      0.     1.      2.        0.       0.     -46653
Xi1620zero            #Xi^{0}(1620)            1.6200000    0.0300000         1.5      0.5      0.5     1.      2.     0.      0.        0.       0.      45553
Xi1620zero_bar        #bar{#Xi}^{+}(1620)      1.6200000    0.0300000         1.5      0.5     -0.5     0.      0.     1.      2.        0.       0.     -45553
Xi1690minus           #Xi^{-}(1690)            1.6900000    0.0290000         1.5      0.5     -0.5     1.      2.     0.      0.        0.       0.      67719
Xi1690minus_bar       #bar{#Xi}^{+}(1690)      1.6900000    0.0290000         1.5      0.5      0.5     0.      0.     1.      2.        0.       0.     -67719
Xi1690zero            #Xi^{0}(1690)            1.6900000    0.0290000         1.5      0.5      0.5     1.      2.     0.      0.        0.       0.      67718
Xi1690zero_bar        #bar{#Xi}^{0}(1690)      1.6900000    0.0290000         1.5      0.5     -0.5     0.      0.     1.      2.        0.       0.     -67718
Xi1820minus           #Xi^{-}(1820)            1.8230000    0.0240000         1.5      0.5     -0.5     1.      2.     0.      0.        0.       0.      13314
Xi1820minus_bar       #bar{#Xi}^{+}(1820)      1.8230000    0.0240000         1.5      0.5      0.5     0.      0.     1.      2.        0.       0.     -13314
Xi1820zero            #Xi^{0}(1820)            1.8230000    0.0240000         1.5      0.5      0.5     1.      2.     0.      0.        0.       0.      13324
Xi1820zero_bar        #bar{#Xi}^{0}(1820)      1.8230000    0.0240000         1.5      0.5     -0.5     0.      0.     1.      2.        0.       0.     -13324
Xi1950minus           #Xi^{-}(1950)            1.9500000    0.0600000         1.5      0.5     -0.5     1.      2.     0.      0.        0.       0.      67001
Xi1950minus_bar       #bar{#Xi}^{-}(1950)      1.9500000    0.0600000         1.5      0.5      0.5     0.      0.     1.      2.        0.       0.     -67001
Xi1950zero            #Xi^{0}(1950)            1.9500000    0.0600000         1.5      0.5      0.5     1.      2.     0.      0.        0.       0.      67000
Xi1950zero_bar        #bar{#Xi}^{0}(1950)      1.9500000    0.0600000         1.5      0.5     -0.5     0.      0.     1.      2.        0.       0.     -67000
Xi2030minus           #Xi^{-}(2030)            2.0250000    0.0200000         2.5      0.5     -0.5     1.      2.     0.      0.        0.       0.       8901
Xi2030minus_bar       #bar{#Xi}^{+}(2030)      2.0250000    0.0200000         2.5      0.5      0.5     0.      0.     1.      2.        0.       0.      -8901
Xi2030zero            #Xi^{0}(2030)            2.0250000    0.0200000         2.5      0.5      0.5     1.      2.     0.      0.        0.       0.       8900
Xi2030zero_bar        #bar{#Xi}^{0}(2030)      2.0250000    0.0200000         2.5      0.5     -0.5     0.      0.     1.      2.        0.       0.      -8900

Omega1672minus        #Omega^{-}(1672)         1.6724500    8.017e-15         1.5      0.       0.      0.      3.     0.      0.        0.       0.       3334
Omega1672minus_bar    #bar{#Omega}^{-}(1672)   1.6724500    8.017e-15         1.5      0.       0.      0.      0.     0.      3.        0.       0.      -3334
Omega2250minus        #Omega^{-}(2250)         2.2520000    0.0550000         1.5      0.       0.      0.      3.     0.      0.        0.       0.       9000
Omega2250minus_bar    #bar{#Omega}^{+}(2250)   2.2520000    0.0550000         1.5      0.       0.      0.      0.     0.      3.        0.       0.      -9000

##################################################################################################################################################################
# Name	              LatexTitle              Mass         Gamma/Width       Spin     IsoSpin  I3      Nq     Ns      Naq     Nas       Nc      Nac	         MC
##################################################################################################################################################################
# Open Charmed Mesons
##################################################################################################################################################################
Dplus                 D^{+}                   2.2520000    0.0550000         1.5      0.       0.      1.      0.     0.      0.        1.       0.   411
Dminus                D^{-}                   2.2520000    0.0550000         1.5      0.       0.      0.      0.     1.      0.        0.       1.   -411
Dzero                 D^{0}                   2.2520000    0.0550000         1.5      0.       0.      1.      0.     0.      0.        1.       0.   421
D0S2400plus           D_{0}^{*}(2400)^{+}     2.2520000    0.0550000         1.5      0.       0.      1.      0.     0.      0.        1.       0.   10411
D0S2400minus          D_{0}^{*}(2400)^{-}     2.2520000    0.0550000         1.5      0.       0.      1.      0.     0.      0.        1.       0.   -10411
D0S2400zero           D_{0}^{*}(2400)^{0}     2.2520000    0.0550000         1.5      0.       0.      1.      0.     0.      0.        1.       0.   10421
DS02400plus           D^{*}(2010)^{+}         2.2520000    0.0550000         1.5      0.       0.      1.      0.     0.      0.        1.       0.   413
DS02400minus          D^{*}(2010)^{-}         2.2520000    0.0550000         1.5      0.       0.      1.      0.     0.      0.        1.       0.   -413
DS2007zero            D^{*}(2007)^{0}         2.2520000    0.0550000         1.5      0.       0.      1.      0.     0.      0.        1.       0.   423
D12420plus            D_{1}(2420)^{+}         2.2520000    0.0550000         1.5      0.       0.      1.      0.     0.      0.        1.       0.   10413
D12420minus           D_{1}(2420)^{-}         2.2520000    0.0550000         1.5      0.       0.      1.      0.     0.      0.        1.       0.   -10413
D12420zero            D_{1}(2420)^{0}         2.2520000    0.0550000         1.5      0.       0.      1.      0.     0.      0.        1.       0.   10423
D1Hplus               D_{1}(H)^{0}            2.2520000    0.0550000         1.5      0.       0.      1.      0.     0.      0.        1.       0.   20413
D12430zero            D_{1}(2430)^{0}         2.2520000    0.0550000         1.5      0.       0.      1.      0.     0.      0.        1.       0.   20423
D2S2460plus           D_{2}^{*}(2460)^{+}     2.2520000    0.0550000         1.5      0.       0.      1.      0.     0.      0.        1.       0.   415
D2S2460minus          D_{2}^{*}(2460)^{-}     2.2520000    0.0550000         1.5      0.       0.      1.      0.     0.      0.        1.       0.   -415
D2S2460zero           D_{2}^{*}(2460)^{0}     2.2520000    0.0550000         1.5      0.       0.      1.      0.     0.      0.        1.       0.   425
Dsplus                D_{s}^{+}               2.2520000    0.0550000         1.5      0.       0.      1.      0.     0.      0.        1.       0.   431
Dsminus               D_{s}^{-}               2.2520000    0.0550000         1.5      0.       0.      1.      0.     0.      0.        1.       0.   -431
Ds0S2317plus          D_{s0}(2317)^{+}        2.2520000    0.0550000         1.5      0.       0.      1.      0.     0.      0.        1.       0.   10431
Ds0S2317minus         D_{s0}(2317)^{-}        2.2520000    0.0550000         1.5      0.       0.      1.      0.     0.      0.        1.       0.   -10431
DsSplus               D_{s}{*+}               2.2520000    0.0550000         1.5      0.       0.      1.      0.     0.      0.        1.       0.   433
DsSminus              D_{s}{*-}               2.2520000    0.0550000         1.5      0.       0.      1.      0.     0.      0.        1.       0.   -433
Ds12536plus           D_{s1}(2536)^{+}        2.2520000    0.0550000         1.5      0.       0.      1.      0.     0.      0.        1.       0.   10433
Ds12536minus          D_{s1}(2536)^{-}        2.2520000    0.0550000         1.5      0.       0.      1.      0.     0.      0.        1.       0.   -10433
Ds12460plus           D_{s1}(2460)^{+}        2.2520000    0.0550000         1.5      0.       0.      1.      0.     0.      0.        1.       0.   20433
Ds12460minus          D_{s1}(2460)^{+}        2.2520000    0.0550000         1.5      0.       0.      1.      0.     0.      0.        1.       0.   -20433
Ds2S2573plus          D_{s2}(2573)^{+}        2.2520000    0.0550000         1.5      0.       0.      1.      0.     0.      0.        1.       0.   435
Ds2S2573minus         D_{s2}(2573)^{+}        2.2520000    0.0550000         1.5      0.       0.      1.      0.     0.      0.        1.       0.   -435


##################################################################################################################################################################
# Name	    LatexTitle                  Mass         Gamma/Width       Spin     IsoSpin  I3      Nq     Ns    Naq     Nas         Nc      Nac	         MC
##################################################################################################################################################################
# Charm Anti-charm Mesons
##################################################################################################################################################################
etac1S        #eta_{c}(1S)              3.0968700    0.0000000         1.0      0.       0.      0.      0.     0.      0.        1.       1.        441
chic01P       #chi_{c0}(1P)             3.0968700    0.0000000         1.0      0.       0.      0.      0.     0.      0.        1.       1.        10441
etac2S        #eta_{c}(2S)              3.0968700    0.0000000         1.0      0.       0.      0.      0.     0.      0.        1.       1.        100441
jp3096zero    j/#psi^{0}(3096)          3.0968700    0.0000000         1.0      0.       0.      0.      0.     0.      0.        1.       1.        443
hc1P          h_{c}(1P)                 3.0968700    0.0000000         1.0      0.       0.      0.      0.     0.      0.        1.       1.        10443
chic11P       #chi_{c1}(1P)             3.0968700    0.0000000         1.0      0.       0.      0.      0.     0.      0.        1.       1.        20443
psi2S         #psi^{0}                  3.0968700    0.0000000         1.0      0.       0.      0.      0.     0.      0.        1.       1.        100443
psi3770       #psi^{0}(3770)            3.0968700    0.0000000         1.0      0.       0.      0.      0.     0.      0.        1.       1.        30443
psi4040       #psi^{0}(4040)            3.0968700    0.0000000         1.0      0.       0.      0.      0.     0.      0.        1.       1.        9000443
psi4160       #psi^{0}(4160)            3.0968700    0.0000000         1.0      0.       0.      0.      0.     0.      0.        1.       1.        9010443
psi4415       #psi^{0}(4415)            3.0968700    0.0000000         1.0      0.       0.      0.      0.     0.      0.        1.       1.        9020443
chic21P       #chi_{c2}(1P)             3.0968700    0.0000000         1.0      0.       0.      0.      0.     0.      0.        1.       1.        445
chic22P       #chi_{c2}(2P)             3.0968700    0.0000000         1.0      0.       0.      0.      0.     0.      0.        1.       1.        100445
##################################################################################################################################################################
# Name	        LatexTitle                Mass         Gamma/Width       Spin     IsoSpin  I3      Nq     Ns    Naq     Nas        Nc      Nac	         MC
##################################################################################################################################################################
# Charm Baryons
##################################################################################################################################################################
Lambdacplus        #Lambda_{c}^{+}        3.0968700    0.0000000         1.0      0.       0.      0.      0.     0.      0.        1.       1.       4122
Sigmacplusplus     #Sigma_{c}^{++}        3.0968700    0.0000000         1.0      0.       0.      0.      0.     0.      0.        1.       1.       4222
Sigmacplus         #Sigma_{c}^{+}         3.0968700    0.0000000         1.0      0.       0.      0.      0.     0.      0.        1.       1.       4212
Sigmaczero         #Sigma_{c}^{0}         3.0968700    0.0000000         1.0      0.       0.      0.      0.     0.      0.        1.       1.       4112
SigmacSplusplus    #Sigma_{c}^{*++}       3.0968700    0.0000000         1.0      0.       0.      0.      0.     0.      0.        1.       1.       4224
SigmacSplus        #Sigma_{c}^{*+}        3.0968700    0.0000000         1.0      0.       0.      0.      0.     0.      0.        1.       1.       4214
SigmacSzero        #Sigma_{c}^{*0}        3.0968700    0.0000000         1.0      0.       0.      0.      0.     0.      0.        1.       1.       4114
Xicplus            #Xi_{c}^{+}            3.0968700    0.0000000         1.0      0.       0.      0.      0.     0.      0.        1.       1.       4232
Xiczero            #Xi_{c}^{0}            3.0968700    0.0000000         1.0      0.       0.      0.      0.     0.      0.        1.       1.       4132
XicPplus           #Xi_{c}^{'+}           3.0968700    0.0000000         1.0      0.       0.      0.      0.     0.      0.        1.       1.       4322
XicPzero           #Xi_{c}^{'0}           3.0968700    0.0000000         1.0      0.       0.      0.      0.     0.      0.        1.       1.       4312
XicSzero           #Xi_{c}^{*0}           3.0968700    0.0000000         1.0      0.       0.      0.      0.     0.      0.        1.       1.       4314
Omczero            #Omega_{c}^{0}         3.0968700    0.0000000         1.0      0.       0.      0.      0.     0.      0.        1.       1.       4332
OmcSzero           #Omega_{c}^{*0}        3.0968700    0.0000000         1.0      0.       0.      0.      0.     0.      0.        1.       1.       4334
Xiccplus           #Xi_{cc}^{+}           3.0968700    0.0000000         1.0      0.       0.      0.      0.     0.      0.        1.       1.       4412
Xiccplusplus       #Xi_{cc}^{++}          3.0968700    0.0000000         1.0      0.       0.      0.      0.     0.      0.        1.       1.       4422
XiccSplus          #Xi_{cc}^{*+}          3.0968700    0.0000000         1.0      0.       0.      0.      0.     0.      0.        1.       1.       4414
XiccSplusplus      #Xi_{cc}^{*++}         3.0968700    0.0000000         1.0      0.       0.      0.      0.     0.      0.        1.       1.       4424
Omccplus           #Omega_{cc}^{+}        3.0968700    0.0000000         1.0      0.       0.      0.      0.     0.      0.        1.       1.       4432
OmccSplus          #Omega_{cc}^{*+}       3.0968700    0.0000000         1.0      0.       0.      0.      0.     0.      0.        1.       1.       4432
Omcccplusplus      #Omega_{ccc}^{++}      3.0968700    0.0000000         1.0      0.       0.      0.      0.     0.      0.        1.       1.       4444

##################################################################################################################################################################
# Name	        LatexTitle         Mass         Gamma/Width       Spin     IsoSpin  I3      Nq     Ns    Naq     Nas        Nc       Nac	      MC
##################################################################################################################################################################
# Open Bottom Mesons
##################################################################################################################################################################
Bzero         B^{0}                3.0968700    0.0000000         1.0      0.       0.      0.      0.     0.      0.        1.       1.        511
Bplus         B^{+}                3.0968700    0.0000000         1.0      0.       0.      0.      0.     0.      0.        1.       1.        521
B0Szero       B_{0}^{*0}           3.0968700    0.0000000         1.0      0.       0.      0.      0.     0.      0.        1.       1.        10511
B0Splus       B_{0}^{*+}           3.0968700    0.0000000         1.0      0.       0.      0.      0.     0.      0.        1.       1.        10521
BSzero        B^{*0}               3.0968700    0.0000000         1.0      0.       0.      0.      0.     0.      0.        1.       1.        513
BSplus        B^{*+}               3.0968700    0.0000000         1.0      0.       0.      0.      0.     0.      0.        1.       1.        523
B1Lzero       B_{1}(L)^{0}         3.0968700    0.0000000         1.0      0.       0.      0.      0.     0.      0.        1.       1.        10513
B1Lplus       B_{1}(L)^{+}         3.0968700    0.0000000         1.0      0.       0.      0.      0.     0.      0.        1.       1.        10523
B1Hzero       B_{1}(H)^{0}         3.0968700    0.0000000         1.0      0.       0.      0.      0.     0.      0.        1.       1.        20513
B1Hplus       B_{1}(H)^{+}         3.0968700    0.0000000         1.0      0.       0.      0.      0.     0.      0.        1.       1.        20523
B2Szero       B_{2}^{*0}           3.0968700    0.0000000         1.0      0.       0.      0.      0.     0.      0.        1.       1.        515
B2Splus       B_{2}^{*+}           3.0968700    0.0000000         1.0      0.       0.      0.      0.     0.      0.        1.       1.        525
BSzero        B^{0}                3.0968700    0.0000000         1.0      0.       0.      0.      0.     0.      0.        1.       1.        531
Bs0Szero      B_{s0}^{*0}          3.0968700    0.0000000         1.0      0.       0.      0.      0.     0.      0.        1.       1.        10531
BsSzero       B_{s}^{*0}           3.0968700    0.0000000         1.0      0.       0.      0.      0.     0.      0.        1.       1.        533
Bs1Lzero      B_{s1}(L)^{0}        3.0968700    0.0000000         1.0      0.       0.      0.      0.     0.      0.        1.       1.        10533
Bs1Hzero      B_{s1}(H)^{0}        3.0968700    0.0000000         1.0      0.       0.      0.      0.     0.      0.        1.       1.        20533
Bs2Szero      B_{s2}^{*0}          3.0968700    0.0000000         1.0      0.       0.      0.      0.     0.      0.        1.       1.        535
Bcplus        B_{c}^{+}            3.0968700    0.0000000         1.0      0.       0.      0.      0.     0.      0.        1.       1.        541
Bc0Splus      B_{c0}^{+}           3.0968700    0.0000000         1.0      0.       0.      0.      0.     0.      0.        1.       1.        10541
BcSplus       B_{c}^{*+}           3.0968700    0.0000000         1.0      0.       0.      0.      0.     0.      0.        1.       1.        543
Bc1Lplus      B_{c1}(L)^{+}        3.0968700    0.0000000         1.0      0.       0.      0.      0.     0.      0.        1.       1.        10543
Bc1Hplus      B_{c1}(L)^{+}        3.0968700    0.0000000         1.0      0.       0.      0.      0.     0.      0.        1.       1.        20543
Bc2Splus      B_{c2}^{*+}          3.0968700    0.0000000         1.0      0.       0.      0.      0.     0.      0.        1.       1.        545

##################################################################################################################################################################
# Name	    LatexTitle                  Mass     Gamma/Width       Spin     IsoSpin  I3      Nq      Ns     Naq     Nas       Nc       Nac	     MC
##################################################################################################################################################################
# Bottom Anti-Bottom Mesons
##################################################################################################################################################################
etab1S        #eta_{b}(1S)              3.0000   0.0000000         1.0      0.       0.      0.      0.     0.      0.        1.       1.        551
chib01P       #chi_{b0}(1P)             3.0000   0.0000000         1.0      0.       0.      0.      0.     0.      0.        1.       1.        10551
etab2S        #eta_{b}(2S)              3.0000   0.0000000         1.0      0.       0.      0.      0.     0.      0.        1.       1.        100551
chib02P       #chi_{b0}(2P)             3.0000   0.0000000         1.0      0.       0.      0.      0.     0.      0.        1.       1.        110551
etab3S        #eta_{b0}(3P)             3.0000   0.0000000         1.0      0.       0.      0.      0.     0.      0.        1.       1.        200551
chib03P       #chi_{b0}(3P)             3.0000   0.0000000         1.0      0.       0.      0.      0.     0.      0.        1.       1.        210551
upsilon1S     #Upsilon(1S)              3.0000   0.0000000         1.0      0.       0.      0.      0.     0.      0.        1.       1.        553
hb1P          h_{b}(1P)                 3.0000   0.0000000         1.0      0.       0.      0.      0.     0.      0.        1.       1.        10553
chib1(1P)     #chi_{b1}(1P)             3.0000   0.0000000         1.0      0.       0.      0.      0.     0.      0.        1.       1.        20553
upsilon1_1D   #Upsilon_{1}(1D)          3.0000   0.0000000         1.0      0.       0.      0.      0.     0.      0.        1.       1.        30553
upsilon_2S    #Upsilon(2S)              3.0000   0.0000000         1.0      0.       0.      0.      0.     0.      0.        1.       1.        100553
hb_2P         h_{b}(2P)                 3.0000   0.0000000         1.0      0.       0.      0.      0.     0.      0.        1.       1.        110553
chib1_2P      #chi_{b1}(2P)             3.0000   0.0000000         1.0      0.       0.      0.      0.     0.      0.        1.       1.        120553
upsilon1_2D   #Upsilon_{1}(2D)          3.0000   0.0000000         1.0      0.       0.      0.      0.     0.      0.        1.       1.        130553
upsilon_3S    #Upsilon(3S)              3.0000   0.0000000         1.0      0.       0.      0.      0.     0.      0.        1.       1.        200553
hb_3P         h_{b}(3P)                 3.0000   0.0000000         1.0      0.       0.      0.      0.     0.      0.        1.       1.        210553
chib1_3P      #chi_{b1}(3P)             3.0000   0.0000000         1.0      0.       0.      0.      0.     0.      0.        1.       1.        220553
upsilon_4S    #Upsilon(4S)              3.0000   0.0000000         1.0      0.       0.      0.      0.     0.      0.        1.       1.        300553
upsilon10860  #Upsilon(10860)           3.0000   0.0000000         1.0      0.       0.      0.      0.     0.      0.        1.       1.        9000553
upsilon11020  #Upsilon(11020)           3.0000   0.0000000         1.0      0.       0.      0.      0.     0.      0.        1.       1.        9010553
chib2_1P      #chi_{b2}(1P)             3.0000   0.0000000         1.0      0.       0.      0.      0.     0.      0.        1.       1.        555
etab2_1D      #chi_{b2}(1D)             3.0000   0.0000000         1.0      0.       0.      0.      0.     0.      0.        1.       1.        10555
upsilon2_2D   #Upsilon_{2}(2D)          3.0000   0.0000000         1.0      0.       0.      0.      0.     0.      0.        1.       1.        20555
chib2_3P      #chi_{b2}(3P)             3.0000   0.0000000         1.0      0.       0.      0.      0.     0.      0.        1.       1.        100555
etab2_2D      #eta_{b2}(2D)             3.0000   0.0000000         1.0      0.       0.      0.      0.     0.      0.        1.       1.        110555
upsilon2_2D   #Upsilon_{2}(2D)          3.0000   0.0000000         1.0      0.       0.      0.      0.     0.      0.        1.       1.        120555
chib2_3P      #chi_{b2}(3P)             3.0000   0.0000000         1.0      0.       0.      0.      0.     0.      0.        1.       1.        200555
upsilon3(1D)  #Upsilon_{3}(1D)          3.0000   0.0000000         1.0      0.       0.      0.      0.     0.      0.        1.       1.        557
upsilon3(2D)  #Upsilon_{3}(1D)          3.0000   0.0000000         1.0      0.       0.      0.      0.     0.      0.        1.       1.        100557


##################################################################################################################################################################
# Name	          LatexTitle              Mass         Gamma/Width       Spin     IsoSpin  I3      Nq     Ns    Naq      Nas        Nc       Nac	    MC
##################################################################################################################################################################
# Bottom Baryons
##################################################################################################################################################################
Lambdabzero       #Lambda_{b}^{0}         3.0968700    0.0000000         1.0      0.       0.      0.      0.     0.      0.        1.       1.       5122
Sigmabminus       #Sigma_{b}^{-}          3.0968700    0.0000000         1.0      0.       0.      0.      0.     0.      0.        1.       1.       5112
Sigmabzero        #Sigma_{b}^{0}          3.0968700    0.0000000         1.0      0.       0.      0.      0.     0.      0.        1.       1.       5212
Sigmabplus        #Sigma_{b}^{+}          3.0968700    0.0000000         1.0      0.       0.      0.      0.     0.      0.        1.       1.       5222
SigmabSminus      #Sigma_{b}^{*-}         3.0968700    0.0000000         1.0      0.       0.      0.      0.     0.      0.        1.       1.       5114
SigmabSzero       #Sigma_{b}^{*0}         3.0968700    0.0000000         1.0      0.       0.      0.      0.     0.      0.        1.       1.       5214
SigmabSplus       #Sigma_{b}^{*+}         3.0968700    0.0000000         1.0      0.       0.      0.      0.     0.      0.        1.       1.       5224
SigmabSplus       #Sigma_{b}^{*+}         3.0968700    0.0000000         1.0      0.       0.      0.      0.     0.      0.        1.       1.       5224
Xibminus          #Xi_{b}^{-}             3.0968700    0.0000000         1.0      0.       0.      0.      0.     0.      0.        1.       1.       5132
Xibzero           #Xi_{b}^{0}             3.0968700    0.0000000         1.0      0.       0.      0.      0.     0.      0.        1.       1.       5232
XibPminus         #Xi_{b}^{'-}            3.0968700    0.0000000         1.0      0.       0.      0.      0.     0.      0.        1.       1.       5312
XibPzero          #Xi_{b}^{'0}            3.0968700    0.0000000         1.0      0.       0.      0.      0.     0.      0.        1.       1.       5322
XibSminus         #Xi_{b}^{*-}            3.0968700    0.0000000         1.0      0.       0.      0.      0.     0.      0.        1.       1.       5314
XibSzero          #Xi_{b}^{*0}            3.0968700    0.0000000         1.0      0.       0.      0.      0.     0.      0.        1.       1.       5324
Omegabminus       #Omega_{b}^{-}          3.0968700    0.0000000         1.0      0.       0.      0.      0.     0.      0.        1.       1.       5332
OmegabSminus      #Omega_{b}^{*-}         3.0968700    0.0000000         1.0      0.       0.      0.      0.     0.      0.        1.       1.       5334
XIbczero          #Xi_{bc}^{0}            3.0968700    0.0000000         1.0      0.       0.      0.      0.     0.      0.        1.       1.       5142
XIbcplus          #Xi_{bc}^{+}            3.0968700    0.0000000         1.0      0.       0.      0.      0.     0.      0.        1.       1.       5242
XIbcPplus         #Xi_{bc}^{'+}           3.0968700    0.0000000         1.0      0.       0.      0.      0.     0.      0.        1.       1.       5412
XIbcSplus         #Xi_{bc}^{*+}           3.0968700    0.0000000         1.0      0.       0.      0.      0.     0.      0.        1.       1.       5424
Omegabczero       #Omega_{bc}^{0}         3.0968700    0.0000000         1.0      0.       0.      0.      0.     0.      0.        1.       1.       5342
OmegabcPzero      #Omega_{bc}^{'0}        3.0968700    0.0000000         1.0      0.       0.      0.      0.     0.      0.        1.       1.       5432
OmegabcSzero      #Omega_{bc}^{*0}        3.0968700    0.0000000         1.0      0.       0.      0.      0.     0.      0.        1.       1.       5434
Omegabccplus      #Omega_{bcc}^{+}        3.0968700    0.0000000         1.0      0.       0.      0.      0.     0.      0.        1.       1.       5442
OmegabccSplus     #Omega_{bcc}^{+}        3.0968700    0.0000000         1.0      0.       0.      0.      0.     0.      0.        1.       1.       5444
XIbbminus         #Xi_{bb}^{-}            3.0968700    0.0000000         1.0      0.       0.      0.      0.     0.      0.        1.       1.       5512
XIbbzero          #Xi_{bb}^{0}            3.0968700    0.0000000         1.0      0.       0.      0.      0.     0.      0.        1.       1.       5522
XIbbSzero         #Xi_{bb}^{*0}           3.0968700    0.0000000         1.0      0.       0.      0.      0.     0.      0.        1.       1.       5524
Omegabbminus      #Omega_{bb}^{-}         3.0968700    0.0000000         1.0      0.       0.      0.      0.     0.      0.        1.       1.       5532
OmegabbSminus     #Omega_{bb}^{*-}        3.0968700    0.0000000         1.0      0.       0.      0.      0.     0.      0.        1.       1.       5534
Omegabbczero      #Omega_{bbc}^{0}        3.0968700    0.0000000         1.0      0.       0.      0.      0.     0.      0.        1.       1.       5542
OmegabbcSzero     #Omega_{b}^{*0}         3.0968700    0.0000000         1.0      0.       0.      0.      0.     0.      0.        1.       1.       5544
OmegabbbSminus    #Omega_{b}^{-}          3.0968700    0.0000000         1.0      0.       0.      0.      0.     0.      0.        1.       1.       5554


