# Name	      Mass         Gamma/Width       Spin      Isospin   I3      Nq     Ns    Naq     Nas       Nc      Nac	         MC
# mass and width(gamma) are in GeV.
# penthaquarks
#pentaq0th    1.5300000    0.0500000         0.5      0.       0.      4.      0.     0.      1.        0.       0.       1331
#pentqa0th    1.5300000    0.0500000         0.5      0.       0.      0.      1.     4.      0.        0.       0.      -1331
#pentaqxip    1.8620000    0.0200000         0.5      1.5      1.5     2.      2.     1.      0.        0.       0.       1431
#pentaqxim    1.8620000    0.0200000         0.5      1.5     -1.5     2.      2.     1.      0.        0.       0.       1531
#pentaqaxp    1.8620000    0.0200000         0.5      1.5      1.5     1.      0.     2.      2.        0.       0.      -1431
#pentaqaxm    1.8620000    0.0200000         0.5      1.5     -1.5     1.      0.     2.      2.        0.       0.      -1531
# this is j/psi for the brave!
jp3096zer   j/#psi^{0}(3096)          3.0968700    0.0000000         1.0      0.       0.      0.      0.     0.      0.        1.       1.        443
Dc1800plu   D_{c}^{+}(1800)           1.8693000    0.0000000         0.0      0.5      0.5     0.      0.     1.      0.        1.       0.       1231
Dc1800min   D_{c}^{-}(1800)           1.8693000    0.0000000         0.0      0.5     -0.5     1.      0.     0.      0.        0.       1.       1232
Dc1800zer   D_{c}^{0}(1800)           1.8693000    0.0000000         0.0      0.5      0.5     0.      0.     1.      0.        1.       0.       1233
Dc1800zrb   #bar{D}_{c}^{0}(1800)     1.8693000    0.0000000         0.0      0.5     -0.5     1.      0.     0.      0.        0.       1.       1234
Dc2010plu   D_{c}^{+}(2010)           2.0100000    0.0000000         0.0      0.5      0.5     0.      0.     1.      0.        1.       0.       4231
Dc2010min   D_{c}^{-}(2010)           2.0103000    0.0000000         0.0      0.5     -0.5     1.      0.     0.      0.        0.       1.       4232
Dc2010zer   D_{c}^{0}(2010)           2.0103000    0.0000000         0.0      0.5      0.5     0.      0.     1.      0.        1.       0.       4233
Dc2010zrb   #bar{D}_{c}^{0}(2010)     2.0103000    0.0000000         0.0      0.5     -0.5     1.      0.     0.      0.        0.       1.       4234
#   others  ------------------------------------------------------------------------------------------------------
Ns2600plu    N^{*+}(2600)             2.6000000    0.6500000         5.5      0.5      0.5     3.      0.     0.      0.        0.       0.       9401
Ns2600zer    N^{*0}(2600)             2.6000000    0.6500000         5.5      0.5     -0.5     3.      0.     0.      0.        0.       0.       9400
Ns2600plb    #bar{N}^{*-}(2600)       2.6000000    0.6500000         5.5      0.5     -0.5     0.      0.     3.      0.        0.       0.      -9401
Ns2600zrb    #bar{N}^{*0}(2600)       2.6000000    0.6500000         5.5      0.5      0.5     0.      0.     3.      0.        0.       0.      -9400
Dl2420plp    #Delta^{++}(2420)        2.4200000    0.4000000         5.5      1.5      1.5     3.      0.     0.      0.        0.       0.       9297
Dl2420plu    #Delta^{+}(2420)         2.4200000    0.4000000         5.5      1.5      0.5     3.      0.     0.      0.        0.       0.       9298
Dl2420zer    #Delta^{0}(2420)         2.4200000    0.4000000         5.5      1.5     -0.5     3.      0.     0.      0.        0.       0.       9299
Dl2420min    #Delta^{-}(2420)         2.4200000    0.4000000         5.5      1.5     -1.5     3.      0.     0.      0.        0.       0.       9300
Dl2420ppb    #bar{#Delta}^{--}(2420)  2.4200000    0.4000000         5.5      1.5     -1.5     0.      0.     3.      0.        0.       0.      -9297
Dl2420plb    #bar{#Delta}^{-}(2420)   2.4200000    0.4000000         5.5      1.5     -0.5     0.      0.     3.      0.        0.       0.      -9298
Dl2420zrb    #bar{#Delta}^{0}(2420)   2.4200000    0.4000000         5.5      1.5      0.5     0.      0.     3.      0.        0.       0.      -9299
Dl2420mnb    #bar{#Delta}^{+}(2420)   2.4200000    0.4000000         5.5      1.5      1.5     0.      0.     3.      0.        0.       0.      -9300
Lm2350zer    #Lambda^{0}(2350)        2.3500000    0.1500000         1.5      0.       0.      2.      1.     0.      0.        0.       0.       9001
Lm2350zrb    #bar{#Lambda}^{0}(2350)  2.3500000    0.1500000         1.5      0.       0.      0.      0.     2.      1.        0.       0.      -9001
f42340zer    f_{4}^{0}(2340)          2.3390000    0.3190000         4.0      0.       0.      1.      0.     1.      0.        0.       0.      40225
f22300zer    f_{2}^{0}(2300)          2.2970000    0.1490000         2.0      0.       0.      1.      0.     1.      0.        0.       0.      30225
UM2250min    #Omega^{-}(2250)         2.2520000    0.0550000         1.5      0.       0.      0.      3.     0.      0.        0.       0.       9000
UM2250mnb    #bar{#Omega}^{+}(2250)   2.2520000    0.0550000         1.5      0.       0.      0.      0.     0.      3.        0.       0.      -9000
Ns2250plu    N_{s}^{+}(2250)          2.2500000    0.4000000         4.5      0.5      0.5     3.      0.     0.      0.        0.       0.       5128
Ns2250zer    N_{s}^{0}(2250)          2.2500000    0.4000000         4.5      0.5     -0.5     3.      0.     0.      0.        0.       0.       5218
Ns2250plb    #bar{N}_{s}^{-}(2250)    2.2500000    0.4000000         4.5      0.5     -0.5     0.      0.     3.      0.        0.       0.      -5128
Ns2250zrb    #bar{N}_{s}^{0}(2250)    2.2500000    0.4000000         4.5      0.5      0.5     0.      0.     3.      0.        0.       0.      -5218
Sg2250plu    #Sigma^{+}(2250)         2.2500000    0.1000000         1.5      1.       1.      2.      1.     0.      0.        0.       0.       4028
Sg2250min    #Sigma^{-}(2250)         2.2500000    0.1000000         1.5      1.      -1.      2.      1.     0.      0.        0.       0.       4128
Sg2250zer    #Sigma^{0}(2250)         2.2500000    0.1000000         1.5      1.       0.      2.      1.     0.      0.        0.       0.       4228
Sg2250plb    #bar{#Sigma}^{-}(2250)   2.2500000    0.1000000         1.5      1.      -1.      0.      0.     2.      1.        0.       0.      -4028
Sg2250mnb    #bar{#Sigma}^{+}(2250)   2.2500000    0.1000000         1.5      1.       1.      0.      0.     2.      1.        0.       0.      -4128
Sg2250zrb    #bar{#Sigma}^{0}(2250)   2.2500000    0.1000000         1.5      1.       0.      0.      0.     2.      1.        0.       0.      -4228
#Ns2220plu    2.2200000    0.4000000         2.5      0.5      0.5     3.      0.     0.      0.        0.       0.       3128
#Ns2220zer    2.2200000    0.4000000         2.5      0.5     -0.5     3.      0.     0.      0.        0.       0.       3218
#Ns2220plb    2.2200000    0.4000000         2.5      0.5     -0.5     0.      0.     3.      0.        0.       0.      -3128
#Ns2220zrb    2.2200000    0.4000000         2.5      0.5      0.5     0.      0.     3.      0.        0.       0.      -3218
Ns2190plu    N_{s}^{+}(2190)          2.1900000    0.4500000         3.5      0.5      0.5     3.      0.     0.      0.        0.       0.       1218
Ns2190zer    N_{s}^{0}(2190)          2.1900000    0.4500000         3.5      0.5     -0.5     3.      0.     0.      0.        0.       0.       2128
Ns2190plb    #bar{N}_{s}^{-}(2190)    2.1900000    0.4500000         3.5      0.5     -0.5     0.      0.     3.      0.        0.       0.      -1218
Ns2190zrb    #bar{N}_{s}^{0}(2190)    2.1900000    0.4500000         3.5      0.5      0.5     0.      0.     3.      0.        0.       0.      -2128
Lm2110zer    #Lambda^{0}(2110)        2.1100000    0.2000000         1.5      0.       0.      2.      1.     0.      0.        0.       0.      23126
Lm2110zrb    #bar{#Lambda}^{0}(2110)  2.1100000    0.2000000         1.5      0.       0.      0.      0.     2.      1.        0.       0.     -23126
Lm2100zer    #Lambda^{0}(2100)       2.1000000    0.2000000         1.5      0.       0.      2.      1.     0.      0.        0.       0.       3128
Lm2100zrb    #bar{#Lambda}^{0}(2100)  2.1000000    0.2000000         1.5      0.       0.      0.      0.     2.      1.        0.       0.      -3128
Ka2045plu    K^{+}(2045)              2.0450000    0.1980000         2.0      0.5      0.5     1.      0.     0.      1.        0.       0.        329
Ka2045min    K^{-}(2045)              2.0450000    0.1980000         2.0      0.5     -0.5     0.      1.     1.      0.        0.       0.       -329
Ka2045zer    K^{0}(2045)              2.0450000    0.1980000         2.0      0.5     -0.5     1.      0.     0.      1.        0.       0.        319
Ka2045zrb    #bar{K}^{0}(2045)        2.0450000    0.1980000         2.0      0.5      0.5     0.      1.     1.      0.        0.       0.       -319
f42050zer    f_{4}^{0}(2050)          2.0340000    0.2220000         4.0      0.       0.      1.      0.     1.      0.        0.       0.        229
Sg2030plu    #Sigma^{+}(2030)         2.0300000    0.1800000         1.5      1.       1.      2.      1.     0.      0.        0.       0.       3118
Sg2030min    #Sigma^{-}(2030)         2.0300000    0.1800000         1.5      1.      -1.      2.      1.     0.      0.        0.       0.       3218
Sg2030zer    #Sigma^{0}(2030)         2.0300000    0.1800000         1.5      1.       0.      2.      1.     0.      0.        0.       0.       3228
Sg2030plb    #bar{#Sigma}^{-}(2030)   2.0300000    0.1800000         1.5      1.      -1.      0.      0.     2.      1.        0.       0.      -3118
Sg2030mnb    #bar{#Sigma}^{+}(2030)   2.0300000    0.1800000         1.5      1.       1.      0.      0.     2.      1.        0.       0.      -3218
Sg2030zrb    #bar{#Sigma}^{0}(2030)   2.0300000    0.1800000         1.5      1.       0.      0.      0.     2.      1.        0.       0.      -3228
Xi2030min    #Xi^{-}(2030)            2.0250000    0.0200000         2.5      0.5     -0.5     1.      2.     0.      0.        0.       0.       8901
Xi2030mnb    #bar{#Xi}^{+}(2030)      2.0250000    0.0200000         2.5      0.5      0.5     0.      0.     1.      2.        0.       0.      -8901
Xi2030zer    #Xi^{0}(2030)            2.0250000    0.0200000         2.5      0.5      0.5     1.      2.     0.      0.        0.       0.       8900
Xi2030zrb    #bar{#Xi}^{0}(2030)      2.0250000    0.0200000         2.5      0.5     -0.5     0.      0.     1.      2.        0.       0.      -8900
a42040plu    a_{4}^{+}(2040)          2.0140000    0.3610000         4.0      1.       1.      1.      0.     1.      0.        0.       0.        219
a42040min    a_{4}^{-}(2040)          2.0140000    0.3610000         4.0      1.      -1.      1.      0.     1.      0.        0.       0.       -219
a42040zer    a_{4}^{0}(2040)          2.0140000    0.3610000         4.0      1.       0.      1.      0.     1.      0.        0.       0.        119
f22010zer    f_{2}^{0}(2010)          2.0110000    0.2020000         2.0      0.       0.      1.      0.     1.      0.        0.       0.      20225
Dl1950plp    #Delta^{++}(1950)        1.9500000    0.3000000         3.5      1.5      1.5     3.      0.     0.      0.        0.       0.       1118
Dl1950plu    #Delta^{+}(1950)         1.9500000    0.3000000         3.5      1.5      0.5     3.      0.     0.      0.        0.       0.       2118
Dl1950zer    #Delta^{0}(1950)         1.9500000    0.3000000         3.5      1.5     -0.5     3.      0.     0.      0.        0.       0.       2218
Dl1950min    #Delta^{-}(1950)         1.9500000    0.3000000         3.5      1.5     -1.5     3.      0.     0.      0.        0.       0.       2228
Dl1950ppb    #bar{#Delta}^{--}(1950)  1.9500000    0.3000000         3.5      1.5     -1.5     0.      0.     3.      0.        0.       0.      -1118
Dl1950plb    #bar{#Delta}^{-}(1950)   1.9500000    0.3000000         3.5      1.5     -0.5     0.      0.     3.      0.        0.       0.      -2118
Dl1950zrb    #bar{#Delta}^{0}(1950)   1.9500000    0.3000000         3.5      1.5      0.5     0.      0.     3.      0.        0.       0.      -2218
Dl1950mnb    #bar{#Delta}^{+}(1950)   1.9500000    0.3000000         3.5      1.5      1.5     0.      0.     3.      0.        0.       0.      -2228
Xi1950min    #Xi^{-}(1950)            1.9500000    0.0600000         1.5      0.5     -0.5     1.      2.     0.      0.        0.       0.      67001
Xi1950mnb    #bar{#Xi}^{-}(1950)      1.9500000    0.0600000         1.5      0.5      0.5     0.      0.     1.      2.        0.       0.     -67001
Xi1950zer    #Xi^{0}(1950)            1.9500000    0.0600000         1.5      0.5      0.5     1.      2.     0.      0.        0.       0.      67000
Xi1950zrb    #bar{#Xi}^{0}(1950)      1.9500000    0.0600000         1.5      0.5     -0.5     0.      0.     1.      2.        0.       0.     -67000
Sg1940plu    #Sigma^{+}(1940)         1.9400000    0.2200000         1.5      1.       1.      2.      1.     0.      0.        0.       0.      23114
Sg1940min    #Sigma^{-}(1940)         1.9400000    0.2200000         1.5      1.      -1.      2.      1.     0.      0.        0.       0.      23214
Sg1940zer    #Sigma^{0}(1940)         1.9400000    0.2200000         1.5      1.       0.      2.      1.     0.      0.        0.       0.      23224
Sg1940plb    #bar{#Sigma}^{-}(1940)   1.9400000    0.2200000         1.5      1.      -1.      0.      0.     2.      1.        0.       0.     -23114
Sg1940mnb    #bar{#Sigma}^{+}(1940)   1.9400000    0.2200000         1.5      1.       1.      0.      0.     2.      1.        0.       0.     -23214
Sg1940zrb    #bar{#Sigma}^{0}(1940)   1.9400000    0.2200000         1.5      1.       0.      0.      0.     2.      1.        0.       0.     -23224
Dl1930plp    #Delta^{++}(1930)        1.9300000    0.3500000         2.5      1.5      1.5     3.      0.     0.      0.        0.       0.      11116
Dl1930plu    #Delta^{+}(1930)         1.9300000    0.3500000         2.5      1.5      0.5     3.      0.     0.      0.        0.       0.      11216
Dl1930zer    #Delta^{0}(1930)         1.9300000    0.3500000         2.5      1.5     -0.5     3.      0.     0.      0.        0.       0.      12126
Dl1930min    #Delta^{-}(1930)         1.9300000    0.3500000         2.5      1.5     -1.5     3.      0.     0.      0.        0.       0.      12226
Dl1930ppb    #bar{#Delta}^{--}(1950)  1.9300000    0.3500000         2.5      1.5     -1.5     0.      0.     3.      0.        0.       0.     -11116
Dl1930plb    #bar{#Delta}^{-}(1950)   1.9300000    0.3500000         2.5      1.5     -0.5     0.      0.     3.      0.        0.       0.     -11216
Dl1930zrb    #bar{#Delta}^{0}(1950)   1.9300000    0.3500000         2.5      1.5      0.5     0.      0.     3.      0.        0.       0.     -12126
Dl1930mnb    #bar{#Delta}^{+}(1950)   1.9300000    0.3500000         2.5      1.5      1.5     0.      0.     3.      0.        0.       0.     -12226
Dl1920plp    #Delta^{++}(1920)        1.9200000    0.2000000         1.5      1.5      1.5     3.      0.     0.      0.        0.       0.      21114
Dl1920plu    #Delta^{+}(1920)         1.9200000    0.2000000         1.5      1.5      0.5     3.      0.     0.      0.        0.       0.      22114
Dl1920zer    #Delta^{0}(1920)         1.9200000    0.2000000         1.5      1.5     -0.5     3.      0.     0.      0.        0.       0.      22214
Dl1920min    #Delta^{-}(1920)         1.9200000    0.2000000         1.5      1.5     -1.5     3.      0.     0.      0.        0.       0.      22224
Dl1920ppb    #bar{#Delta}^{--}(1920)  1.9200000    0.2000000         1.5      1.5     -1.5     0.      0.     3.      0.        0.       0.     -21114
Dl1920plb    #bar{#Delta}^{-}(1920)   1.9200000    0.2000000         1.5      1.5     -0.5     0.      0.     3.      0.        0.       0.     -22114
Dl1920zrb    #bar{#Delta}^{0}(1920)   1.9200000    0.2000000         1.5      1.5      0.5     0.      0.     3.      0.        0.       0.     -22214
Dl1920mnb    #bar{#Delta}^{+}(1920)   1.9200000    0.2000000         1.5      1.5      1.5     0.      0.     3.      0.        0.       0.     -22224
Sg1915plu    #Sigma^{+}(1915)         1.9150000    0.1200000         2.5      1.       1.      2.      1.     0.      0.        0.       0.      13116
Sg1915min    #Sigma^{-}(1915)         1.9150000    0.1200000         2.5      1.      -1.      2.      1.     0.      0.        0.       0.      13216
Sg1915zer    #Sigma^{0}(1915)         1.9150000    0.1200000         2.5      1.       0.      2.      1.     0.      0.        0.       0.      13226
Sg1915plb    #bar{#Sigma}^{-}(1915)   1.9150000    0.1200000         2.5      1.      -1.      0.      0.     2.      1.        0.       0.     -13116
Sg1915mnb    #bar{#Sigma}^{+}(1915)   1.9150000    0.1200000         2.5      1.       1.      0.      0.     2.      1.        0.       0.     -13216
Sg1915zrb    #bar{#Sigma}^{0}(1915)   1.9150000    0.1200000         2.5      1.       0.      0.      0.     2.      1.        0.       0.     -13226
Dl1910plp    #Delta^{++}(1910)        1.9100000    0.2500000         0.5      1.5      1.5     3.      0.     0.      0.        0.       0.      21112
Dl1910plu    #Delta^{+}(1910)         1.9100000    0.2500000         0.5      1.5      0.5     3.      0.     0.      0.        0.       0.      21212
Dl1910zer    #Delta^{0}(1910)         1.9100000    0.2500000         0.5      1.5     -0.5     3.      0.     0.      0.        0.       0.      22122
Dl1910min    #Delta^{-}(1910)         1.9100000    0.2500000         0.5      1.5     -1.5     3.      0.     0.      0.        0.       0.      22222
Dl1910ppb    #bar{#Delta}^{--}(1910)  1.9100000    0.2500000         0.5      1.5     -1.5     0.      0.     3.      0.        0.       0.     -21112
Dl1910plb    #bar{#Delta}^{-}(1910)   1.9100000    0.2500000         0.5      1.5     -0.5     0.      0.     3.      0.        0.       0.     -21212
Dl1910zrb    #bar{#Delta}^{0}(1910)   1.9100000    0.2500000         0.5      1.5      0.5     0.      0.     3.      0.        0.       0.     -22122
Dl1910mnb    #bar{#Delta}^{+}(1910)   1.9100000    0.2500000         0.5      1.5      1.5     0.      0.     3.      0.        0.       0.     -22222
Dl1905plp    #Delta^{++}(1905)        1.9050000    0.3500000         2.5      1.5      1.5     3.      0.     0.      0.        0.       0.       1116
Dl1905plu    #Delta^{+}(1905)         1.9050000    0.3500000         2.5      1.5      0.5     3.      0.     0.      0.        0.       0.       1216
Dl1905zer    #Delta^{0}(1905)         1.9050000    0.3500000         2.5      1.5     -0.5     3.      0.     0.      0.        0.       0.       2126
Dl1905min    #Delta^{-}(1905)         1.9050000    0.3500000         2.5      1.5     -1.5     3.      0.     0.      0.        0.       0.       2226
Dl1905ppb    #bar{#Delta}^{--}(1905)  1.9050000    0.3500000         2.5      1.5     -1.5     0.      0.     3.      0.        0.       0.      -1116
Dl1905plb    #bar{#Delta}^{-}(1905)   1.9050000    0.3500000         2.5      1.5     -0.5     0.      0.     3.      0.        0.       0.      -1216
Dl1905zrb    #bar{#Delta}^{0}(1905)   1.9050000    0.3500000         2.5      1.5      0.5     0.      0.     3.      0.        0.       0.      -2126
Dl1905mnb    #bar{#Delta}^{+}(1905)   1.9050000    0.3500000         2.5      1.5      1.5     0.      0.     3.      0.        0.       0.      -2226
Lm1890zer    #Lambda^{0}(1890)        1.8900000    0.1000000         1.5      0.       0.      2.      1.     0.      0.        0.       0.      23124
Lm1890zrb    #bar{#Lambda}^{0}(1890)  1.8900000    0.1000000         1.5      0.       0.      0.      0.     2.      1.        0.       0.     -23124
de2000plb    #bar{d}_{e}^{-}(2000)    1.8756130    0.0000000         0.0      2.       0.      0.      0.     6.      0.        0.       0.     -80000
de2000plu    d_{e}^{+}(2000)          1.8756130    0.0000000         0.0      2.       0.      6.      0.     0.      0.        0.       0.      80000
ph1850zer    #phi^{0}(1850)           1.8540000    0.0870000         3.0      0.       0.      0.      1.     0.      1.        0.       0.        337
Lm1830zer    #Lambda^{0}(1830)        1.8300000    0.9500000         0.5      0.       0.      2.      1.     0.      0.        0.       0.      13126
Lm1830zrb    #bar{#Lambda}^{0}(1830)  1.8300000    0.9500000         0.5      0.       0.      0.      0.     2.      1.        0.       0.     -13126
Xi1820min    #Xi^{-}(1820)            1.8230000    0.0240000         1.5      0.5     -0.5     1.      2.     0.      0.        0.       0.      13314
Xi1820mnb    #bar{#Xi}^{+}(1820)      1.8230000    0.0240000         1.5      0.5      0.5     0.      0.     1.      2.        0.       0.     -13314
Xi1820zer    #Xi^{0}(1820)            1.8230000    0.0240000         1.5      0.5      0.5     1.      2.     0.      0.        0.       0.      13324
Xi1820zrb    #bar{#Xi}^{0}(1820)      1.8230000    0.0240000         1.5      0.5     -0.5     0.      0.     1.      2.        0.       0.     -13324
Lm1820zer    #Lambda^{0}(1820)        1.8200000    0.8000000         0.5      0.       0.      2.      1.     0.      0.        0.       0.       3126
Lm1820zrb    #bar{#Lambda}^{0}(1820)  1.8200000    0.8000000         0.5      0.       0.      0.      0.     2.      1.        0.       0.      -3126
Ka1820plu    K^{+}(1820)              1.8160000    0.2760000         2.0      0.5      0.5     1.      0.     0.      1.        0.       0.      20315
Ka1820min    K^{-}(1820)              1.8160000    0.2760000         2.0      0.5     -0.5     0.      1.     1.      0.        0.       0.     -20315
Ka1820zer    K^{0}(1820)              1.8160000    0.2760000         2.0      0.5     -0.5     1.      0.     0.      1.        0.       0.      20325
Ka1820zrb    #bar{K}^{0}(1820)        1.8160000    0.2760000         2.0      0.5      0.5     0.      1.     1.      0.        0.       0.     -20325
Lm1810zer    #Lambda^{0}(1810)        1.8100000    0.1500000         0.5      0.       0.      2.      1.     0.      0.        0.       0.      53122
Lm1810zrb    #bar{#Lambda}^{0}(1810)  1.8100000    0.1500000         0.5      0.       0.      0.      0.     2.      1.        0.       0.     -53122
pi1800plu    #pi^{+}(1800)            1.8010000    0.2100000         0.0      1.       1.      1.      0.     1.      0.        0.       0.     200111
pi1800min    #pi^{-}(1800)            1.8010000    0.2100000         0.0      1.      -1.      1.      0.     1.      0.        0.       0.    -200111
pi1800zer    #pi^{0}(1800)            1.8010000    0.2100000         0.0      1.       0.      1.      0.     1.      0.        0.       0.     200211
Lm1800zer    #Lambda^{0}(1800)        1.8000000    0.3000000         0.5      0.       0.      2.      1.     0.      0.        0.       0.      43122
Lm1800zrb    #bar{#Lambda}^{0}(1800)  1.8000000    0.3000000         0.5      0.       0.      0.      0.     2.      1.        0.       0.     -43122
Ka1780zer    K^{0}(1780)              1.7760000    0.1590000         3.0      0.5     -0.5     1.      0.     0.      1.        0.       0.        317
Ka1780zrb    #bar{K}^{0}(1780)        1.7760000    0.1590000         3.0      0.5      0.5     0.      1.     1.      0.        0.       0.       -317
Ka1780plu    K^{+}(1780)              1.7760000    0.1590000         3.0      0.5      0.5     1.      0.     0.      1.        0.       0.        327
Ka1780min    K^{-}(1780)              1.7760000    0.1590000         3.0      0.5     -0.5     0.      1.     1.      0.        0.       0.       -327
Sg1775plu    #Sigma^{+}(1775)         1.7750000    0.1200000         2.5      1.       1.      2.      1.     0.      0.        0.       0.       3116
Sg1775min    #Sigma^{-}(1775)         1.7750000    0.1200000         2.5      1.      -1.      2.      1.     0.      0.        0.       0.       3216
Sg1775zer    #Sigma^{0}(1775)         1.7750000    0.1200000         2.5      1.       0.      2.      1.     0.      0.        0.       0.       3226
Sg1775plb    #bar{#Sigma}^{-}(1775)   1.7750000    0.1200000         2.5      1.      -1.      0.      0.     2.      1.        0.       0.      -3116
Sg1775mnb    #bar{#Sigma}^{+}(1775)   1.7750000    0.1200000         2.5      1.       1.      0.      0.     2.      1.        0.       0.      -3216
Sg1775zrb    #bar{#Sigma}^{0}(1775)   1.7750000    0.1200000         2.5      1.       0.      0.      0.     2.      1.        0.       0.      -3226
Sg1750plu    #Sigma^{+}(1750)         1.7500000    0.0900000         0.5      1.       1.      2.      1.     0.      0.        0.       0.       8116
Sg1750zer    #Sigma^{0}(1750)         1.7500000    0.0900000         0.5      1.       0.      2.      1.     0.      0.        0.       0.       8117
Sg1750min    #Sigma^{-}(1750)         1.7500000    0.0900000         0.5      1.      -1.      2.      1.     0.      0.        0.       0.       8118
Sg1750plb    #bar{#Sigma}^{-}(1750)   1.7500000    0.0900000         0.5      1.      -1.      0.      0.     2.      1.        0.       0.      -8116
Sg1750zrb    #bar{#Sigma}^{0}(1750)   1.7500000    0.0900000         0.5      1.       0.      0.      0.     2.      1.        0.       0.      -8117
Sg1750mnb    #bar{#Sigma}^{+}(1750)   1.7500000    0.0900000         0.5      1.       1.      0.      0.     2.      1.        0.       0.      -8118
Ka1770zer    K^{0}(1770)              1.7730000    0.1860000         2.0      0.5     -0.5     1.      0.     0.      1.        0.       0.      10315
Ka1770zrb    #bar{K}^{0}(1770)        1.7730000    0.1860000         2.0      0.5      0.5     0.      1.     1.      0.        0.       0.     -10315
Ka1770plu    K^{+}(1770)              1.7730000    0.1860000         2.0      0.5      0.5     1.      0.     0.      1.        0.       0.      10325
Ka1770min    K^{-}(1770)              1.7730000    0.1860000         2.0      0.5     -0.5     0.      1.     1.      0.        0.       0.     -10325
Ns1720plu    N^{*+}(1770)             1.7200000    0.1500000         1.5      0.5      0.5     3.      0.     0.      0.        0.       0.      31214
Ns1720zer    N^{*0}(1770)             1.7200000    0.1500000         1.5      0.5     -0.5     3.      0.     0.      0.        0.       0.      32124
Ns1720plb    #bar{N}^{*-}(1770)       1.7200000    0.1500000         1.5      0.5     -0.5     0.      0.     3.      0.        0.       0.     -31214
Ns1720zrb    #bar{N}^{*0}(1770)       1.7200000    0.1500000         1.5      0.5      0.5     0.      0.     3.      0.        0.       0.     -32124
Ka1680zer    K^{0}(1680)              1.7170000    0.3220000         1.0      0.5     -0.5     1.      0.     0.      1.        0.       0.      30313
Ka1680zrb    bar{K}^{0}(1680)         1.7170000    0.3220000         1.0      0.5      0.5     0.      1.     1.      0.        0.       0.     -30313
Ka1680plu    K^{+}(1680)              1.7170000    0.3220000         1.0      0.5      0.5     1.      0.     0.      1.        0.       0.      30323
Ka1680min    K^{-}(1680)              1.7170000    0.3220000         1.0      0.5     -0.5     0.      1.     1.      0.        0.       0.     -30323
f01710zer    f_0^{0}(1710)            1.7150000    0.1250000         0.0      0.       0.      1.      0.     1.      0.        0.       0.      10331
Ns1710plu    N^{*+}(1710)             1.7100000    0.1000000         0.5      0.5      0.5     3.      0.     0.      0.        0.       0.      42112
Ns1710zer    N^{*0}(1710)             1.7100000    0.1000000         0.5      0.5     -0.5     3.      0.     0.      0.        0.       0.      42212
Ns1710plb    #bar{N}^{*-}(1710)       1.7100000    0.1000000         0.5      0.5     -0.5     0.      0.     3.      0.        0.       0.     -42112
Ns1710zrb    #bar{N}^{*0}(1710)       1.7100000    0.1000000         0.5      0.5      0.5     0.      0.     3.      0.        0.       0.     -42212
Ns1700plu    N^{*+}(1700)             1.7000000    0.1000000         1.5      0.5      0.5     3.      0.     0.      0.        0.       0.      21214
Ns1700zer    N^{*0}(1700)             1.7000000    0.1000000         1.5      0.5     -0.5     3.      0.     0.      0.        0.       0.      22124
Ns1700plb    #bar{N}^{*-}(1700)       1.7000000    0.1000000         1.5      0.5     -0.5     0.      0.     3.      0.        0.       0.     -21214
Ns1700zrb    #bar{N}^{*0}(1700)       1.7000000    0.1000000         1.5      0.5      0.5     0.      0.     3.      0.        0.       0.     -22124
rh1700plu    #rho^{+}(1700)           1.7000000    0.2400000         1.0      1.       1.      1.      0.     1.      0.        0.       0.      30213
rh1700min    #rho^{-}(1700)           1.7000000    0.2400000         1.0      1.      -1.      1.      0.     1.      0.        0.       0.     -30213
rh1700zer    #rho^{0}(1700)           1.7000000    0.2400000         1.0      1.       0.      1.      0.     1.      0.        0.       0.      30113
Dl1700plp    #Delta^{++}(1700)        1.7000000    0.3000000         1.5      1.5      1.5     3.      0.     0.      0.        0.       0.      11114
Dl1700plu    #Delta^{+}(1700)         1.7000000    0.3000000         1.5      1.5      0.5     3.      0.     0.      0.        0.       0.      12114
Dl1700zer    #Delta^{0}(1700)         1.7000000    0.3000000         1.5      1.5     -0.5     3.      0.     0.      0.        0.       0.      12214
Dl1700min    #Delta^{-}(1700)         1.7000000    0.3000000         1.5      1.5     -1.5     3.      0.     0.      0.        0.       0.      12224
Dl1700ppb    #bar{#Delta}^{--}(1700)  1.7000000    0.3000000         1.5      1.5     -1.5     0.      0.     3.      0.        0.       0.     -11114
Dl1700plb    #bar{#Delta}^{-}(1700)   1.7000000    0.3000000         1.5      1.5     -0.5     0.      0.     3.      0.        0.       0.     -12114
Dl1700zrb    #bar{#Delta}^{0}(1700)   1.7000000    0.3000000         1.5      1.5      0.5     0.      0.     3.      0.        0.       0.     -12214
Dl1700mnb    #bar{#Delta}^{+}(1700)   1.7000000    0.3000000         1.5      1.5      1.5     0.      0.     3.      0.        0.       0.     -12224
rh1690plu    #rho^{+}(1690)           1.6910000    0.1610000         3.0      1.       1.      1.      0.     1.      0.        0.       0.        217
rh1690min    #rho^{-}(1690)           1.6910000    0.1610000         3.0      1.      -1.      1.      0.     1.      0.        0.       0.       -217
rh1690zer    #rho^{0}(1690)           1.6910000    0.1610000         0.0      1.       0.      1.      0.     1.      0.        0.       0.        117
Lm1690zer    #Lambda^{0}(1690)        1.6900000    0.0600000         1.5      0.       0.      2.      1.     0.      0.        0.       0.      13124
Lm1690zrb    #bar{#Lambda}^{0}(1690)  1.6900000    0.0600000         1.5      0.       0.      0.      0.     2.      1.        0.       0.     -13124
Xi1690min    #Xi^{-}(1690)            1.6900000    0.0290000         1.5      0.5     -0.5     1.      2.     0.      0.        0.       0.      67719
Xi1690mnb    #bar{#Xi}^{+}(1690)      1.6900000    0.0290000         1.5      0.5      0.5     0.      0.     1.      2.        0.       0.     -67719
Xi1690zer    #Xi^{0}(1690)            1.6900000    0.0290000         1.5      0.5      0.5     1.      2.     0.      0.        0.       0.      67718
Xi1690zrb    #bar{#Xi}^{0}(1690)      1.6900000    0.0290000         1.5      0.5     -0.5     0.      0.     1.      2.        0.       0.     -67718
Ns1680plu    N^{*+}(1680)             1.6800000    0.1300000         2.5      0.5      0.5     3.      0.     0.      0.        0.       0.      12116
Ns1680zer    N^{*0}(1680)             1.6800000    0.1300000         2.5      0.5     -0.5     3.      0.     0.      0.        0.       0.      12216
Ns1680plb    #bar{N}^{-}(1680)        1.6800000    0.1300000         2.5      0.5     -0.5     0.      0.     3.      0.        0.       0.     -12116
Ns1680zrb    #bar{N}^{0}(1680)        1.6800000    0.1300000         2.5      0.5      0.5     0.      0.     3.      0.        0.       0.     -12216
ph1680zer    #phi^{0}(1680)           1.6800000    0.1500000         1.0      0.       0.      0.      1.     0.      1.        0.       0.     100333
Ns1675plu    N^{*+}(1675)             1.6750000    0.1500000         2.5      0.5      0.5     3.      0.     0.      0.        0.       0.       2116
Ns1675zer    N^{*0}(1675)             1.6750000    0.1500000         2.5      0.5     -0.5     3.      0.     0.      0.        0.       0.       2216
Ns1675plb    #bar{N}^{-}(1675)        1.6750000    0.1500000         2.5      0.5     -0.5     0.      0.     3.      0.        0.       0.      -2116
Ns1675zrb    #bar{N}^{0}(1672)        1.6750000    0.1500000         2.5      0.5      0.5     0.      0.     3.      0.        0.       0.      -2216
UM1672min    #Omega^{-}(1672)         1.6724500    8.017e-15         1.5      0.       0.      0.      3.     0.      0.        0.       0.       3334
UM1672mnb    #bar{#Omega}^{-}(1672)   1.6724500    8.017e-15         1.5      0.       0.      0.      0.     0.      3.        0.       0.      -3334
pi1670plu    #pi^{+}(1670)            1.6700000    0.2590000         2.0      1.       1.      1.      0.     1.      0.        0.       0.      10215
pi1670min    #pi^{-}(1670)            1.6700000    0.2590000         2.0      1.      -1.      1.      0.     1.      0.        0.       0.     -10215
pi1670zer    #pi^{0}(1670)            1.6700000    0.2590000         2.0      1.       0.      1.      0.     1.      0.        0.       0.      10115
Lm1670zer    #Lambda^{0}(1670)        1.6700000    0.0350000         0.5      0.       0.      2.      1.     0.      0.        0.       0.      33122
Lm1670zrb    #bar{#Lambda}^{0}(1670)  1.6700000    0.0350000         0.5      0.       0.      0.      0.     2.      1.        0.       0.     -33122
Sg1670plu    #Sigma^{+}(1670)         1.6700000    0.0600000         1.5      1.       1.      2.      1.     0.      0.        0.       0.      13114
Sg1670min    #Sigma^{-}(1670)         1.6700000    0.0600000         1.5      1.      -1.      2.      1.     0.      0.        0.       0.      13214
Sg1670zer    #Sigma^{0}(1670)         1.6700000    0.0600000         1.5      1.       0.      2.      1.     0.      0.        0.       0.      13224
Sg1670plb    #bar{#Sigma}^{-}(1670)   1.6700000    0.0600000         1.5      1.      -1.      0.      0.     2.      1.        0.       0.     -13114
Sg1670mnb    #bar{#Sigma}^{+}(1670)   1.6700000    0.0600000         1.5      1.       1.      0.      0.     2.      1.        0.       0.     -13214
Sg1670zrb    #bar{#Sigma}^{0}(1670)   1.6700000    0.0600000         1.5      1.       0.      0.      0.     2.      1.        0.       0.     -13224
om1670zer    #omega^{0}(1670)         1.6670000    0.1680000         3.0      0.       0.      1.      0.     1.      0.        0.       0.        227
Sg1660plu    #Sigma^{+}(1660)         1.6600000    0.1000000         0.5      1.       1.      2.      1.     0.      0.        0.       0.      13112
Sg1660min    #Sigma^{-}(1660)         1.6600000    0.1000000         0.5      1.      -1.      2.      1.     0.      0.        0.       0.      13212
Sg1660zer    #Sigma^{0}(1660)         1.6600000    0.1000000         0.5      1.       0.      2.      1.     0.      0.        0.       0.      13222
Sg1660plb    #bar{#Sigma}^{-}(1660)   1.6600000    0.1000000         0.5      1.      -1.      0.      0.     2.      1.        0.       0.     -13112
Sg1660mnb    #bar{#Sigma}^{+}(1660)   1.6600000    0.1000000         0.5      1.       1.      0.      0.     2.      1.        0.       0.     -13212
Sg1660zrb    #bar{#Sigma}^{0}(1660)   1.6600000    0.1000000         0.5      1.       0.      0.      0.     2.      1.        0.       0.     -13222
Ns1650plu    N^{*+}(1650)             1.6500000    0.1500000         0.5      0.5      0.5     3.      0.     0.      0.        0.       0.      32112
Ns1650zer    N^{*0}(1650)             1.6500000    0.1500000         0.5      0.5     -0.5     3.      0.     0.      0.        0.       0.      32212
Ns1650plb    #bar{#N}^{*-}(1650)      1.6500000    0.1500000         0.5      0.5     -0.5     0.      0.     3.      0.        0.       0.     -32112
Ns1650zrb    #bar{#N}^{*0}(1650)      1.6500000    0.1500000         0.5      0.5      0.5     0.      0.     3.      0.        0.       0.     -32212
om1650zer    #omega^{0}(1650)         1.6490000    0.2200000         1.0      0.       0.      1.      0.     1.      0.        0.       0.      30223
Dl1620plp    #Delta^{++}(1620)        1.6200000    0.1500000         0.5      1.5      1.5     3.      0.     0.      0.        0.       0.       1112
Dl1620plu    #Delta^{+}(1620)         1.6200000    0.1500000         0.5      1.5      0.5     3.      0.     0.      0.        0.       0.       1212
Dl1620zer    #Delta^{0}(1620)         1.6200000    0.1500000         0.5      1.5     -0.5     3.      0.     0.      0.        0.       0.       2122
Dl1620min    #Delta^{-}(1620)         1.6200000    0.1500000         0.5      1.5     -1.5     3.      0.     0.      0.        0.       0.       2222
Dl1620ppb    #bar{#Delta}^{--}(1620)  1.6200000    0.1500000         0.5      1.5     -1.5     0.      0.     3.      0.        0.       0.      -1112
Dl1620plb    #bar{#Delta}^{-}(1620)   1.6200000    0.1500000         0.5      1.5     -0.5     0.      0.     3.      0.        0.       0.      -1212
Dl1620zrb    #bar{#Delta}^{0}(1620)   1.6200000    0.1500000         0.5      1.5      0.5     0.      0.     3.      0.        0.       0.      -2122
Dl1620mnb    #bar{#Delta}^{+}(1620)   1.6200000    0.1500000         0.5      1.5      1.5     0.      0.     3.      0.        0.       0.      -2222
Xi1620min    #Xi^{-}(1620)            1.6200000    0.0300000         1.5      0.5     -0.5     1.      2.     0.      0.        0.       0.      46653
Xi1620mnb    #bar{#Xi}^{+}(1620)      1.6200000    0.0300000         1.5      0.5      0.5     0.      0.     1.      2.        0.       0.     -46653
Xi1620zer    #Xi^{0}(1620)            1.6200000    0.0300000         1.5      0.5      0.5     1.      2.     0.      0.        0.       0.      45553
Xi1620zrb    #bar{#Xi}^{+}(1620)      1.6200000    0.0300000         1.5      0.5     -0.5     0.      0.     1.      2.        0.       0.     -45553
Dl1600plp    #Delta^{++}(1600)        1.6000000    0.3500000         1.5      1.5      1.5     3.      0.     0.      0.        0.       0.      31114
Dl1600plu    #Delta^{+}(1600)         1.6000000    0.3500000         1.5      1.5      0.5     3.      0.     0.      0.        0.       0.      32114
Dl1600zer    #Delta^{0}(1600)         1.6000000    0.3500000         1.5      1.5     -0.5     3.      0.     0.      0.        0.       0.      32214
Dl1600min    #Delta^{-}(1600)         1.6000000    0.3500000         1.5      1.5     -1.5     3.      0.     0.      0.        0.       0.      32224
Dl1600ppb    #bar{#Delta}^{--}(1620)  1.6000000    0.3500000         1.5      1.5     -1.5     0.      0.     3.      0.        0.       0.     -31114
Dl1600plb    #bar{#Delta}^{-}(1620)   1.6000000    0.3500000         1.5      1.5     -0.5     0.      0.     3.      0.        0.       0.     -32114
Dl1600zrb    #bar{#Delta}^{0}(1620)   1.6000000    0.3500000         1.5      1.5      0.5     0.      0.     3.      0.        0.       0.     -32214
Dl1600mnb    #bar{#Delta}^{+}(1620)   1.6000000    0.3500000         1.5      1.5      1.5     0.      0.     3.      0.        0.       0.     -32224
Lm1600zer    #Lambda^{0}(1600)        1.6000000    0.1500000         0.5      0.       0.      2.      1.     0.      0.        0.       0.      23122
Lm1600zrb    #bar{#Lambda}^{0}(1600)  1.6000000    0.1500000         0.5      0.       0.      0.      0.     2.      1.        0.       0.     -23122
#prepended 11 here to dsitinguish from DL
Ns1535plu    N^{*+}(1535)             1.5350000    0.1500000         0.5      0.5      0.5     3.      0.     0.      0.        0.       0.     112212
Ns1535zer    N^{*0}(1535)             1.5350000    0.1500000         0.5      0.5     -0.5     3.      0.     0.      0.        0.       0.     112122
Ns1535plb    #bar{N}^{*-}(1535)       1.5350000    0.1500000         0.5      0.5     -0.5     0.      0.     3.      0.        0.       0.    -112212
Ns1535zrb    #bar{N}^{*0}(1535)       1.5350000    0.1500000         0.5      0.5      0.5     0.      0.     3.      0.        0.       0.    -112122
Xi1530min    #Xi^{-}(1530)            1.5350000    0.0099000         1.5      0.5     -0.5     1.      2.     0.      0.        0.       0.       3324
Xi1530mnb    #bar{Xi}^{+}(1530)       1.5350000    0.0099000         1.5      0.5      0.5     0.      0.     1.      2.        0.       0.      -3324
Xi1530zer    #Xi^{0}(1530)            1.5318000    0.0091000         1.5      0.5      0.5     1.      2.     0.      0.        0.       0.       3314
Xi1530zrb    #bar{Xi}^{0}(1530)       1.5318000    0.0091000         1.5      0.5     -0.5     0.      0.     1.      2.        0.       0.      -3314
f21525zer    f_{2}^{0}(1525)          1.5250000    0.0760000         2.0      0.       0.      1.      0.     1.      0.        0.       0.        335
Ns1520plu    N^{*+}(1520)             1.5200000    0.1200000         1.5      0.5      0.5     3.      0.     0.      0.        0.       0.       2124
Ns1520zer    N^{*0}(1520)             1.5200000    0.1200000         1.5      0.5     -0.5     3.      0.     0.      0.        0.       0.       1214
Ns1520plb    #bar{N}^{*-}(1520)       1.5200000    0.1200000         1.5      0.5     -0.5     0.      0.     3.      0.        0.       0.      -2124
Ns1520zrb    #bar{N}^{*0}(1520)       1.5200000    0.1200000         1.5      0.5      0.5     0.      0.     3.      0.        0.       0.      -1214
Lm1520zer    #Lambda^{0}(1520)        1.5195000    0.0156000         1.5      0.       0.      2.      1.     0.      0.        0.       0.       3124
Lm1520zrb    #bar{#Lambda}^{0}(1520)  1.5195000    0.0156000         1.5      0.       0.      0.      0.     2.      1.        0.       0.      -3124
f01500zer    f_{0}^{0}(1500)          1.5070000    0.1120000         0.0      0.       0.      1.      0.     1.      0.        0.       0.    9000223
a01450plu    a_{0}^{+}(1450)          1.4740000    0.2650000         0.0      1.       1.      1.      0.     1.      0.        0.       0.      10211
a01450min    a_{0}^{-}(1450)          1.4740000    0.2650000         0.0      1.      -1.      1.      0.     1.      0.        0.       0.     -10211
a01450zer    a_{0}^{0}(1450)          1.4740000    0.2650000         0.0      1.       0.      1.      0.     1.      0.        0.       0.      10111
rh1450plu    #rho^{+}(1450)           1.4650000    0.3100000         1.0      1.       1.      1.      0.     1.      0.        0.       0.     100213
rh1450min    #rho^{-}(1450)           1.4650000    0.3100000         1.0      1.      -1.      1.      0.     1.      0.        0.       0.    -100213
rh1450zer    #rho^{0}(1450)           1.4650000    0.3100000         1.0      1.       0.      1.      0.     1.      0.        0.       0.     100113
Ns1440plu    N^{*+}(1440)             1.4400000    0.3500000         0.5      0.5      0.5     3.      0.     0.      0.        0.       0.      12212
Ns1440zer    N^{*0}(1440)             1.4400000    0.3500000         0.5      0.5     -0.5     3.      0.     0.      0.        0.       0.      12112
Ns1440plb    #bar{N}^{*-}(1440)       1.4400000    0.3500000         0.5      0.5     -0.5     0.      0.     3.      0.        0.       0.     -12212
Ns1440zrb    #bar{N}^{*0}(1440)       1.4400000    0.3500000         0.5      0.5      0.5     0.      0.     3.      0.        0.       0.     -12112
et1440zer    #eta^{0}(1440)           1.4350000    0.0650000         0.0      0.       0.      1.      0.     1.      0.        0.       0.     100331
f11420zer    f_{1}^{0}(1420)          1.4263000    0.0555000         1.0      0.       0.      1.      0.     1.      0.        0.       0.      20333
Ka1430zer    K^{0}(1430)              1.4256000    0.0985000         2.0      0.5     -0.5     1.      0.     0.      1.        0.       0.      10311
Ka1430zrb    #bar{K}^{0}(1430)        1.4256000    0.0985000         2.0      0.5      0.5     0.      1.     1.      0.        0.       0.     -10311
Ka1430plu    K^{+}(1430)              1.4256000    0.0985000         2.0      0.5      0.5     1.      0.     0.      1.        0.       0.      10321
Ka1430min    K^{-}(1430)              1.4256000    0.0985000         2.0      0.5     -0.5     0.      1.     1.      0.        0.       0.     -10321
om1420zer    #omega^{0}(1420)         1.4190000    0.1740000         1.0      0.       0.      1.      0.     1.      0.        0.       0.     100223
#prepending 99
Ka1410zer    K^{0}(1410)              1.4140000    0.2320000         1.0      0.5     -0.5     1.      0.     0.      1.        0.       0.    9920313
Ka1410zrb    #bar{K}^{0}(1410)        1.4140000    0.2320000         1.0      0.5      0.5     0.      1.     1.      0.        0.       0.   -9920313
Ka1410plu    K^{+}(1410)              1.4140000    0.2320000         1.0      0.5      0.5     1.      0.     0.      1.        0.       0.     100323
Ka1410min    K^{-}(1410)              1.4140000    0.2320000         1.0      0.5     -0.5     0.      1.     1.      0.        0.       0.    -100323
Ka1412zer    K^{0}(1412)              1.4120000    0.2940000         0.0      0.5     -0.5     1.      0.     0.      1.        0.       0.     100313
Ka1412zrb    #bar{K}^{0}(1412)        1.4120000    0.2940000         0.0      0.5      0.5     0.      1.     1.      0.        0.       0.    -100313
Lm1405zer    #Lambda^{0}(1405)        1.4060000    0.0500000         0.5      0.       0.      2.      1.     0.      0.        0.       0.      13122
Lm1405zrb    #bar{Lambda}^{0}(1405)   1.4060000    0.0500000         0.5      0.       0.      0.      0.     2.      1.        0.       0.     -13122
Ka1400zer    K^{0}(1400)              1.4020000    0.1740000         1.0      0.5     -0.5     1.      0.     0.      1.        0.       0.      20313
Ka1400zrb    #bar{K}^{0}(1400)        1.4020000    0.1740000         1.0      0.5      0.5     0.      1.     1.      0.        0.       0.     -20313
Ka1400plu    K^{+}(1400)              1.4020000    0.1740000         1.0      0.5      0.5     1.      0.     0.      1.        0.       0.      20323
Ka1400min    K^{-}(1400)              1.4020000    0.1740000         1.0      0.5     -0.5     0.      1.     1.      0.        0.       0.     -20323
Sg1385min    #Sigma^{-}(1385)         1.3872000    0.0394000         1.5      1.      -1.      2.      1.     0.      0.        0.       0.       3114
Sg1385mnb    #bar{#Sigma}^{-}(1385)   1.3872000    0.0394000         1.5      1.       1.      0.      0.     2.      1.        0.       0.      -3114
Sg1385zer    #Sigma^{0}(1385)         1.3837000    0.0360000         1.5      1.       0.      2.      1.     0.      0.        0.       0.       3214
Sg1385zrb    #bar{#Sigma}^{0}(1385)   1.3837000    0.0360000         1.5      1.       0.      0.      0.     2.      1.        0.       0.      -3214
Sg1385plu    #Sigma^{+}(1385)         1.3828000    0.0358000         1.5      1.       1.      2.      1.     0.      0.        0.       0.       3224
Sg1385plb    #bar{#Sigma}^{-}(1385)   1.3828000    0.0358000         1.5      1.      -1.      0.      0.     2.      1.        0.       0.      -3224
f01370zer    f_{0}^{0}(1370)          1.3500000    0.3500000         0.0      0.       0.      1.      0.     1.      0.        0.       0.      10221
Xi1321min    #Xi^{-}(1321)            1.3213100    3.888e-15         0.5      0.5     -0.5     1.      2.     0.      0.        0.       0.       3312
Xi1321mnb    #bar{#Xi}^{+}(1321)      1.3213100    3.888e-15         0.5      0.5      0.5     0.      0.     1.      2.        0.       0.      -3312
Xi1321zer    #Xi^{0}(1321)            1.3148300    2.267e-15         0.5      0.5      0.5     1.      2.     0.      0.        0.       0.       3322
Xi1321zrb    #bar{#Xi}^{0}(1321)      1.3148300    2.267e-15         0.5      0.5     -0.5     0.      0.     1.      2.        0.       0.      -3322
a21320plu    a_{2}^{+}(1370)          1.3180000    0.1070000         2.0      1.       1.      1.      0.     1.      0.        0.       0.        215
a21320min    a_{2}^{-}(1370)          1.3180000    0.1070000         2.0      1.      -1.      1.      0.     1.      0.        0.       0.       -215
a21320zer    a_{2}^{0}(1370)          1.3180000    0.1070000         2.0      1.       0.      1.      0.     1.      0.        0.       0.        115
pi1300plu    #pi^{+}(1300)            1.3000000    0.4000000         0.0      1.       1.      1.      0.     1.      0.        0.       0.     100211
pi1300min    #pi^{-}(1300)            1.3000000    0.4000000         0.0      1.      -1.      1.      0.     1.      0.        0.       0.    -100211
pi1300zer    #pi^{0}(1300)            1.3000000    0.4000000         0.0      1.       0.      1.      0.     1.      0.        0.       0.     100111
et1295zer    #eta^{0}(1295)           1.2970000    0.0530000         0.0      0.       0.      1.      0.     1.      0.        0.       0.     100221
f11285zer    f_{1}^{0}(1285)          1.2819000    0.0240000         1.0      0.       0.      1.      0.     1.      0.        0.       0.      20223
f21270zer    f_{1}^{0}(1270)          1.2754000    0.1850000         2.0      0.       0.      1.      0.     1.      0.        0.       0.        225
Ka1270zer    K^{0}(1270)              1.2730000    0.0900000         1.0      0.5     -0.5     1.      0.     0.      1.        0.       0.      10313
Ka1270zrb    #bar{K}^{0}(1270)        1.2730000    0.0900000         1.0      0.5      0.5     0.      1.     1.      0.        0.       0.     -10313
Ka1270plu    K^{+}(1270)              1.2730000    0.0900000         1.0      0.5      0.5     1.      0.     0.      1.        0.       0.      10323
Ka1270min    K^{-}(1270)              1.2730000    0.0900000         1.0      0.5     -0.5     0.      1.     1.      0.        0.       0.     -10323
Dl1232plp    #Delta^{++}(1232)        1.2320000    0.1200000         1.5      1.5      1.5     3.      0.     0.      0.        0.       0.       2224
Dl1232plu    #Delta^{+}(1232)         1.2320000    0.1200000         1.5      1.5      0.5     3.      0.     0.      0.        0.       0.       2214
Dl1232zer    #Delta^{0}(1232)         1.2320000    0.1200000         1.5      1.5     -0.5     3.      0.     0.      0.        0.       0.       2114
Dl1232min    #Delta^{-}(1232)         1.2320000    0.1200000         1.5      1.5     -1.5     3.      0.     0.      0.        0.       0.       1114
Dl1232ppb    #bar{#Delta}^{--}(1232)  1.2320000    0.1200000         1.5      1.5     -1.5     0.      0.     3.      0.        0.       0.      -2224
Dl1232plb    #bar{#Delta}^{-}(1232)   1.2320000    0.1200000         1.5      1.5     -0.5     0.      0.     3.      0.        0.       0.      -2214
Dl1232zrb    #bar{#Delta}^{0}(1232)   1.2320000    0.1200000         1.5      1.5      0.5     0.      0.     3.      0.        0.       0.      -2114
Dl1232mnb    #bar{#Delta}^{+}(1232)   1.2320000    0.1200000         1.5      1.5      1.5     0.      0.     3.      0.        0.       0.      -1114
a11260plu    a{1}^{+}(1260)           1.2300000    0.4250000         1.0      1.       1.      1.      0.     1.      0.        0.       0.      20213
a11260min    a{1}^{-}(1260)           1.2300000    0.4250000         1.0      1.      -1.      1.      0.     1.      0.        0.       0.     -20213
a11260zer    a{1}^{0}(1260)           1.2300000    0.4250000         1.0      1.       0.      1.      0.     1.      0.        0.       0.      20113
b11235plu    b{1}^{+}(1235)           1.2295000    0.1420000         1.0      1.       1.      1.      0.     1.      0.        0.       0.      10113
b11235zer    b{1}^{0}(1235)           1.2295000    0.1420000         1.0      1.       0.      1.      0.     1.      0.        0.       0.      10213
b11235min    b{1}^{-}(1235)           1.2295000    0.1420000         1.0      1.      -1.      1.      0.     1.      0.        0.       0.     -10113
Sg1189min    #Sigma^{-}(1189)         1.1970000    4.450e-15         0.5      1.      -1.      2.      1.     0.      0.        0.       0.       3112
Sg1189mnb    #bar{#Sigma}^{-}(1189)   1.1970000    4.450e-15         0.5      1.       1.      0.      0.     2.      1.        0.       0.      -3112
Sg1192zer    #Sigma^{0}(1189)         1.1930000    8.895e-06         0.5      1.       0.      2.      1.     0.      0.        0.       0.       3212
Sg1192zrb    #bar{#Sigma}^{-}(1189)   1.1930000    8.895e-06         0.5      1.       0.      0.      0.     2.      1.        0.       0.      -3212
Sg1189plu    #Sigma^{+}(1189)         1.1890000    8.209e-15         0.5      1.       1.      2.      1.     0.      0.        0.       0.       3222
Sg1189plb    #bar{#Sigma}^{-}(1189)   1.1890000    8.209e-15         0.5      1.      -1.      0.      0.     2.      1.        0.       0.      -3222
h11170zer    h_{1}^{0}(1170)          1.1700000    0.3600000         1.0      0.       0.      1.      0.     1.      0.        0.       0.      10223
Lm1115zer    #Lambda^{0}(1115)        1.1156830    2.500e-15         0.5      0.       0.      2.      1.     0.      0.        0.       0.       3122
Lm1115zrb    #bar{Lambda}^{0}(1115)   1.1156830    2.500e-15         0.5      0.       0.      0.      0.     2.      1.        0.       0.      -3122
ph1020zer    #phi^{0}(1020)           1.0194170    0.0044580         1.0      0.       0.      0.      1.     0.      1.        0.       0.        333
a00980plu    a_{0}^{+}(980)           0.9848000    0.0750000         0.0      1.       1.      1.      0.     1.      0.        0.       0.    9000211
a00980min    a_{0}^{-}(980)           0.9848000    0.0750000         0.0      1.      -1.      1.      0.     1.      0.        0.       0.   -9000211
a00980zer    a_{0}^{0}(980)           0.9848000    0.0750000         0.0      1.       0.      1.      0.     1.      0.        0.       0.    9000111
f00980zer    f_{0}^{0}(980)           0.9800000    0.1000000         0.0      0.       0.      1.      0.     1.      0.        0.       0.    9010221
eta0prime    #eta^{0*}                0.9577800    0.0002020         0.0      0.       0.      1.      0.     1.      0.        0.       0.        331
ne0939zer    n                        0.9395653    0.0000000         0.5      0.5     -0.5     3.      0.     0.      0.        0.       0.       2112
ne0939zrb    #bar{n}                  0.9395653    0.0000000         0.5      0.5      0.5     0.      0.     3.      0.        0.       0.      -2112
pr0938plu    p                        0.9382720    0.0000000         0.5      0.5      0.5     3.      0.     0.      0.        0.       0.       2212
pr0938plb    #bar{p}                  0.9382720    0.0000000         0.5      0.5     -0.5     0.      0.     3.      0.        0.       0.      -2212
Ka0892zer    K^{0}(892)               0.8961000    0.0507000         1.0      0.5     -0.5     1.      0.     0.      1.        0.       0.        313
Ka0892zrb    #bar{K}^{+}(892)         0.8961000    0.0507000         1.0      0.5      0.5     0.      1.     1.      0.        0.       0.       -313
Ka0892plu    K^{+}(892)               0.8916600    0.0508000         1.0      0.5      0.5     1.      0.     0.      1.        0.       0.        323
Ka0892min    K^{-}(892)               0.8916600    0.0508000         1.0      0.5     -0.5     0.      1.     1.      0.        0.       0.       -323
om0782zer    #omega^{0}               0.7825700    0.0084400         1.0      0.       0.      1.      0.     1.      0.        0.       0.        223
rho770plu    #rho^{+}                 0.7693000    0.1502000         1.0      1.       1.      1.      0.     1.      0.        0.       0.        213
rho770min    #rho^{-}                 0.7693000    0.1502000         1.0      1.      -1.      1.      0.     1.      0.        0.       0.       -213
rho770zer    #rho^{0}                 0.7693000    0.1502000         1.0      1.       0.      1.      0.     1.      0.        0.       0.        113
f00600zer    f^{0}(600)               0.8000000    0.8000000         0.0      0.       0.      1.      0.     1.      0.        0.       0.    9000221
eta547zer    #eta^{0}                 0.5473000    1.2900e-6         0.0      0.       0.      0.19    0.81   0.19    0.81      0.       0.        221
Ka0492zer    K^{0}                    0.4976720    7.335e-16         0.0      0.5     -0.5     1.      0.     0.      1.        0.       0.        311
Ka0492zrb    #bar{K}^{0}              0.4976720    7.335e-16         0.0      0.5      0.5     0.      1.     1.      0.        0.       0.       -311
Ka0492plu    K^{+}                    0.4976720    0.0000000         0.0      0.5      0.5     1.      0.     0.      1.        0.       0.        321
Ka0492min    K^{-}                    0.4976720    0.0000000         0.0      0.5     -0.5     0.      1.     1.      0.        0.       0.       -321
Ka0492zsh    K_{s}^{0}                0.4936770    7.349e-15         0.0      0.5     -0.5     0.      0.     0.      0.        0.       0.        310
Ka0492zlo    K_{l}^{0}                0.4936770    1.286e-17         0.0      0.5      0.5     0.      0.     0.      0.        0.       0.        130
pi0139plu    #pi^{+}                  0.1395699    0.0000000         0.0      1.       1.      1.      0.     1.      0.        0.       0.        211
pi0139min    #pi^{-}                  0.1395699    0.0000000         0.0      1.      -1.      1.      0.     1.      0.        0.       0.       -211
pi0135zer    #pi^{0}                  0.1349764    0.0000000         0.0      1.       0.      1.      0.     1.      0.        0.       0.        111
gam000zer    #gamma                   0.0000001    0.0000000         1.0      0.       0.      0.      0.     0.      0.        0.       0.         22
#
